1131,141|1112,146|1003,146|617,162|367,145|340,145|192,157|112,170|112,230|129,232|132,230|232,230|243,241|250,242|250,248|252,250|412,250|432,230|452,249|492,249|512,229|532,249|552,249|572,229|592,249|612,229|632,249|672,249|692,229|772,229|792,228|1092,228|1112,227|1432,227|1452,226|1772,226|1792,225|1898,225|1941,218|1936,167|1774,148|1585,147|1412,147|1392,146|1152,146|1133,141|1131,141 270_half-01|270.|Letters,|Orders|and|Instructions.|October|1755.
1072,291|1052,292|292,292|272,332|263,332|269,364|264,397|265,413|312,413|332,440|352,430|392,430|412,433|452,433|472,413|712,413|732,453|752,413|1312,413|1332,433|1372,433|1392,413|1412,414|1452,414|1472,434|1512,434|1532,414|1552,434|1572,414|1797,414|1804,405|1889,400|1893,359|1780,331|1831,291 270_half-02|only|for|the|publick|use,|unleßs|by|particu-
265,413|267,454|251,475|269,487|269,493|552,493|572,492|592,492|612,512|652,512|672,492|992,492|1012,491|1072,491|1092,540|1112,536|1132,524|1152,518|1172,504|1192,491|1452,491|1472,490|1822,490|1791,474|1786,429|1797,414|1572,414|1552,434|1532,414|1512,434|1472,434|1452,414|1412,414|1392,413|1372,433|1332,433|1312,413|752,413|732,453|712,413|472,413|452,433|412,433|392,430|352,430|332,440|312,413 270_half-03|lar|Orders|from|me.|You|are|to|send
1472,490|1452,491|1192,491|1172,504|1152,518|1132,524|1112,536|1092,540|1072,491|1012,491|992,492|672,492|652,512|612,512|592,492|572,492|552,493|269,493|271,543|258,561|272,571|272,575|392,575|412,574|532,574|552,573|672,573|692,572|832,572|852,571|872,591|912,591|932,571|972,571|992,570|1112,570|1132,569|1252,569|1272,568|1412,568|1432,567|1552,567|1572,566|1692,566|1712,565|1732,565|1752,585|1772,585|1792,565|1832,565|1852,564|1870,564|1862,560|1879,520|1822,490 270_half-04|down|a|Barrel|of|Flints|with|the|Arms,|to
1852,564|1832,565|1792,565|1772,585|1752,585|1732,565|1712,565|1692,566|1572,566|1552,567|1432,567|1412,568|1272,568|1252,569|1132,569|1112,570|992,570|972,571|932,571|912,591|872,591|852,571|832,572|692,572|672,573|552,573|532,574|412,574|392,575|272,575|272,622|259,648|271,659|332,659|352,658|572,658|592,657|612,657|632,677|652,677|672,657|812,657|832,656|1032,656|1052,655|1272,655|1292,654|1512,654|1532,653|1732,653|1752,652|1772,652|1792,672|1812,672|1832,652|1942,652|1935,597|1870,564 270_half-05|Winchester,|and|about|two|thousand|weight
1752,652|1732,653|1532,653|1512,654|1292,654|1272,655|1052,655|1032,656|832,656|812,657|672,657|652,677|632,677|612,657|592,657|572,658|352,658|332,659|271,659|274,709|259,728|272,740|281,768|292,768|312,748|572,748|592,768|612,748|712,748|732,747|1172,747|1192,767|1212,767|1232,747|1312,747|1332,746|1472,746|1492,766|1512,746|1672,746|1692,766|1712,766|1732,746|1855,746|1868,727|1871,659|1942,653|1942,652|1832,652|1812,672|1792,672|1772,652 270_half-06|of|Flour,|for|the|two|Companies|of|Rangers;
1332,746|1312,747|1232,747|1212,767|1192,767|1172,747|732,747|712,748|612,748|592,768|572,748|312,748|292,768|281,768|282,770|296,783|285,820|288,832|552,832|572,831|932,831|952,851|972,851|992,831|1012,830|1432,830|1452,829|1793,829|1839,820|1843,764|1855,746|1732,746|1712,766|1692,766|1672,746|1512,746|1492,766|1472,746 270_half-07|twelve|hundred|of|which|to|be|delivered
1452,829|1432,830|1012,830|992,831|972,851|952,851|932,831|572,831|552,832|288,832|294,852|262,900|275,910|312,910|332,930|372,930|392,910|772,910|792,942|812,934|832,930|852,928|872,910|1212,910|1232,930|1252,910|1352,910|1372,930|1452,930|1472,910|1752,910|1762,910|1758,836|1793,829 270_half-08|Captain|Ashby|and|Company,|at|the
1762,910|1752,910|1472,910|1452,930|1372,930|1352,910|1252,910|1232,930|1212,910|872,910|852,928|832,930|812,934|792,942|772,910|392,910|372,930|332,930|312,910|275,910|301,929|266,983|286,1001|672,1001|692,1000|752,1000|772,1020|792,1000|812,1020|832,1000|1252,1000|1272,999|1694,999|1694,997|1713,999|1812,999|1824,1011|1844,1013|1859,1011|1872,998|1949,998|1970,995|1961,954|1762,914|1762,910 270_half-09|Plantation|of|Charles|Sellars;|the|rest|to|Captain
1272,999|1252,1000|832,1000|812,1020|792,1000|772,1020|752,1000|692,1000|672,1001|286,1001|291,1005|268,1073|302,1082|470,1084|467,1090|512,1090|532,1110|552,1090|632,1090|652,1110|672,1108|692,1104|712,1110|752,1110|772,1089|832,1089|852,1069|892,1069|912,1089|1072,1089|1092,1088|1332,1088|1352,1068|1372,1088|1392,1068|1412,1088|1432,1067|1452,1087|1546,1087|1689,1076|1694,999 270_half-10|Cockes'|Company,|at|Nicholas|Reasmers.
1432,1067|1412,1088|1392,1068|1372,1088|1352,1068|1332,1088|1092,1088|1072,1089|912,1089|892,1069|852,1069|832,1089|772,1089|752,1110|712,1110|692,1104|672,1108|652,1110|632,1090|552,1090|532,1110|512,1090|467,1090|432,1155|451,1175|447,1176|452,1176|752,1176|772,1175|1072,1175|1092,1174|1412,1174|1432,1173|1458,1173|1453,1156|1494,1091|1546,1087|1452,1087|1432,1067 270_half-11|October|26th.|G.W.