1045,124|927,150|579,145|337,136|286,133|228,207|225,214|244,232|304,232|324,212|344,211|424,211|444,230|464,230|484,210|504,230|524,230|544,209|564,229|624,229|644,228|724,228|744,207|764,227|784,227|804,207|824,227|844,226|864,226|884,206|924,206|944,205|1004,205|1024,225|1044,224|1104,224|1124,204|1144,223|1204,223|1224,203|1244,222|1264,202|1284,222|1324,222|1344,221|1424,221|1444,220|1484,220|1504,200|1524,200|1544,219|1584,219|1604,199|1624,199|1644,198|1704,198|1724,218|1744,217|1804,217|1824,197|1844,196|1864,216|1924,216|1944,215|1946,213|1959,192|1951,153|1665,129|1045,124 271-01|Letters,|Orders|and|Instructions.|October|1755.|-|271.
284,287|264,289|244,295|232,295|160,322|144,370|151,408|246,406|529,409|544,427|600,417|604,413|624,413|625,413|654,408|748,405|746,412|764,411|864,411|884,410|984,410|1004,429|1024,409|1104,409|1124,408|1224,408|1244,407|1344,407|1364,406|1384,406|1404,426|1424,406|1464,406|1484,405|1584,405|1604,384|1624,404|1704,404|1724,403|1824,403|1844,402|1944,402|1955,401|1950,324|1949,301|1784,301|1764,299|1664,299|1644,297|1464,297|1444,295|1304,295|1284,299|1264,303|1084,303|1064,301|1024,301|1004,299|904,299|884,303|764,303|744,307|724,305|704,303|684,303|664,301|644,297|624,291|564,291|544,289|504,289|484,287 271-02|28th.|To|Ensign|Fleming,|of|the|Virginia|Regiment.
1604,384|1584,405|1484,405|1464,406|1424,406|1404,426|1384,406|1364,406|1344,407|1244,407|1224,408|1124,408|1104,409|1024,409|1004,429|984,410|884,410|864,411|764,411|746,412|732,466|693,495|663,496|664,497|684,497|704,527|724,527|744,519|764,511|784,503|804,503|824,480|1004,480|1024,479|1144,479|1164,499|1184,519|1204,519|1224,499|1244,478|1444,478|1464,477|1664,477|1684,496|1704,496|1724,476|1884,476|1904,475|1956,475|1956,418|1955,401|1944,402|1844,402|1824,403|1724,403|1704,404|1624,404|1604,384 271-03|You|are|hereby|ordered|to|repair|to
1904,475|1884,476|1724,476|1704,496|1684,496|1664,477|1464,477|1444,478|1244,478|1224,499|1204,519|1184,519|1164,499|1144,479|1024,479|1004,480|824,480|804,503|784,503|764,511|744,519|724,527|704,527|684,497|664,497|663,496|573,499|300,495|243,529|219,562|250,571|250,585|284,585|304,605|324,605|344,585|444,585|464,584|644,584|664,604|724,604|744,584|764,583|964,583|984,603|1004,603|1024,583|1044,583|1064,582|1084,582|1104,602|1124,622|1144,602|1164,582|1364,582|1384,581|1664,581|1684,580|1895,580|1956,562|1956,520|1956,475 271-04|Captain|Hogg'|s|Company|at|Fort|Dinwiddie
1684,580|1664,581|1384,581|1364,582|1164,582|1144,602|1124,622|1104,602|1084,582|1064,582|1044,583|1024,583|1004,603|984,603|964,583|764,583|744,584|724,604|664,604|644,584|464,584|444,585|344,585|324,605|304,605|284,585|250,585|249,616|220,643|252,658|424,658|444,678|464,698|484,698|504,678|524,678|544,658|564,657|604,657|624,677|644,697|664,697|684,677|704,657|964,657|984,656|1004,676|1024,676|1044,656|1384,656|1404,655|1564,655|1584,675|1604,675|1624,655|1684,655|1704,675|1764,675|1784,655|1804,655|1824,654|1895,654|1878,642|1878,585|1895,580 271-05|with|eight|good|men:|as|that|Company|is
1824,654|1804,655|1784,655|1764,675|1704,675|1684,655|1624,655|1604,675|1584,675|1564,655|1404,655|1384,656|1044,656|1024,676|1004,676|984,656|964,657|704,657|684,677|664,697|644,697|624,677|604,657|564,657|544,658|524,678|504,678|484,698|464,698|444,678|424,658|252,658|253,708|222,733|253,750|253,755|304,755|324,754|484,754|504,753|644,753|664,752|684,752|704,772|744,772|764,752|824,752|844,751|924,751|944,771|964,771|984,791|1004,790|1024,770|1044,770|1064,750|1164,750|1184,749|1324,749|1344,748|1504,748|1524,747|1684,747|1704,746|1784,746|1804,766|1824,746|1844,766|1864,745|1942,745|1968,711|1930,678|1895,654 271-06|without|a|Surgeon,|if|you|will|do|that|duty,|an
1864,745|1844,766|1824,746|1804,766|1784,746|1704,746|1684,747|1524,747|1504,748|1344,748|1324,749|1184,749|1164,750|1064,750|1044,770|1024,770|1004,790|984,791|964,771|944,771|924,751|844,751|824,752|764,752|744,772|704,772|684,752|664,752|644,753|504,753|484,754|324,754|304,755|253,755|252,786|228,811|250,826|250,833|364,833|384,832|604,832|624,831|844,831|864,830|1084,830|1104,829|1124,829|1144,869|1184,869|1204,849|1224,829|1324,829|1344,828|1364,848|1384,828|1544,828|1564,859|1584,861|1604,849|1624,849|1644,847|1664,827|1804,827|1824,826|1879,826|1879,825|1933,804|1938,750|1942,745 271-07|allowance|will|be|made|you|for|it.|You|are
1824,826|1804,827|1664,827|1644,847|1624,849|1604,849|1584,861|1564,859|1544,828|1384,828|1364,848|1344,828|1324,829|1224,829|1204,849|1184,869|1144,869|1124,829|1104,829|1084,830|864,830|844,831|624,831|604,832|384,832|364,833|250,833|253,871|246,903|248,918|304,918|324,958|344,938|364,918|424,918|444,917|724,917|744,916|1004,916|1024,936|1044,915|1204,915|1224,935|1244,935|1264,915|1324,915|1344,914|1604,914|1624,913|1904,913|1917,912|1884,879|1879,826 271-08|to|provide|medicines,|&c.|upon|the|best|terms
1917,912|1904,913|1624,913|1604,914|1344,914|1324,915|1264,915|1244,935|1224,935|1204,915|1044,915|1024,936|1004,916|744,916|724,917|444,917|424,918|364,918|344,938|324,958|304,918|248,918|252,963|232,988|234,1021|255,1029|255,1032|264,1023|284,1023|304,1003|324,1003|344,1002|524,1002|544,1001|704,1001|724,1000|904,1000|924,999|1084,999|1104,998|1124,1018|1144,1018|1164,998|1284,998|1304,997|1464,997|1484,996|1664,996|1684,995|1844,995|1864,994|1964,994|1960,955|1917,912 271-09|you|can.|This|Order|I|expect|will|be|immedi-
1864,994|1844,995|1684,995|1664,996|1484,996|1464,997|1304,997|1284,998|1164,998|1144,1018|1124,1018|1104,998|1084,999|924,999|904,1000|724,1000|704,1001|544,1001|524,1002|344,1002|324,1003|304,1003|284,1023|264,1023|255,1032|258,1056|238,1072|253,1083|254,1100|324,1100|344,1120|384,1120|404,1099|544,1099|564,1119|584,1119|604,1099|644,1099|664,1098|904,1098|924,1097|1144,1097|1164,1096|1404,1096|1424,1095|1604,1095|1624,1101|1704,1101|1724,1094|1924,1094|1927,1094|1927,1093|1972,1063|1964,994 271-10|ately|complied|with;|and|that|no|Delays|be|of-
1927,1094|1924,1094|1724,1094|1704,1101|1624,1101|1604,1095|1424,1095|1404,1096|1164,1096|1144,1097|924,1097|904,1098|664,1098|644,1099|604,1099|584,1119|564,1119|544,1099|404,1099|384,1120|344,1120|324,1100|254,1100|256,1147|243,1170|243,1189|252,1197|264,1197|284,1177|444,1177|464,1197|484,1216|504,1216|524,1196|544,1176|784,1176|804,1175|1104,1175|1124,1174|1444,1174|1464,1173|1484,1173|1504,1193|1524,1193|1544,1173|1764,1173|1784,1172|1957,1172|1923,1143|1927,1094 271-11|fered.|You|are|to|account|with|Captain|Bell
1784,1172|1764,1173|1544,1173|1524,1193|1504,1193|1484,1173|1464,1173|1444,1174|1124,1174|1104,1175|804,1175|784,1176|544,1176|524,1196|504,1216|484,1216|464,1197|444,1177|284,1177|264,1197|252,1197|253,1198|256,1227|238,1245|243,1280|264,1280|284,1260|324,1260|344,1269|364,1299|384,1279|404,1279|424,1260|584,1260|604,1259|824,1259|844,1279|864,1299|884,1279|904,1279|924,1259|1044,1259|1064,1258|1144,1258|1164,1298|1184,1278|1204,1278|1224,1258|1304,1258|1324,1278|1344,1258|1484,1258|1504,1277|1524,1277|1544,1257|1944,1257|1964,1256|1976,1256|1981,1237|1974,1186|1957,1172 271-12|for|your|recruiting|money,|before|you|leave|him.
1964,1256|1944,1257|1544,1257|1524,1277|1504,1277|1484,1258|1344,1258|1324,1278|1304,1258|1224,1258|1204,1278|1184,1278|1164,1298|1144,1258|1064,1258|1044,1259|924,1259|904,1279|884,1279|864,1299|844,1279|824,1259|604,1259|584,1260|424,1260|404,1279|384,1279|364,1299|344,1269|324,1260|284,1260|264,1280|243,1280|243,1281|259,1287|280,1305|280,1336|278,1342|304,1342|324,1362|364,1362|384,1382|404,1382|424,1362|444,1342|1284,1342|1304,1362|1324,1382|1344,1362|1364,1362|1384,1342|1804,1342|1824,1341|1958,1341|1962,1306|1976,1256 271-13|If|you|should|arrive|at|Augusta|Court|House
1824,1341|1804,1342|1384,1342|1364,1362|1344,1362|1324,1382|1304,1362|1284,1342|444,1342|424,1362|404,1382|384,1382|364,1362|324,1362|304,1342|278,1342|268,1375|246,1413|262,1426|262,1433|284,1433|304,1453|324,1433|484,1433|504,1453|524,1473|544,1473|564,1453|584,1433|704,1433|724,1432|864,1432|884,1452|904,1452|924,1432|1284,1432|1304,1431|1424,1431|1444,1451|1504,1451|1524,1471|1544,1471|1564,1451|1584,1431|1844,1431|1864,1430|1943,1430|1954,1375|1958,1341 271-14|before|Sergeant|Wilper|and|his|Party,|you|are|to
1864,1430|1844,1431|1584,1431|1564,1451|1544,1471|1524,1471|1504,1451|1444,1451|1424,1431|1304,1431|1284,1432|924,1432|904,1452|884,1452|864,1432|724,1432|704,1433|584,1433|564,1453|544,1473|524,1473|504,1453|484,1433|324,1433|304,1453|284,1433|262,1433|262,1489|240,1503|271,1515|270,1519|864,1519|884,1525|904,1547|924,1561|944,1557|964,1539|984,1525|1004,1518|1644,1518|1664,1517|1956,1517|1959,1489|1942,1434|1943,1430 271-15|halt|there|until|he|joins,|in|order|to|escort|the
1664,1517|1644,1518|1004,1518|984,1525|964,1539|944,1557|924,1561|904,1547|884,1525|864,1519|270,1519|267,1546|264,1558|246,1584|268,1600|268,1607|884,1607|904,1627|924,1627|944,1607|1304,1607|1324,1608|1344,1628|1364,1628|1384,1608|1624,1608|1644,1628|1664,1608|1693,1608|1965,1597|1953,1540|1956,1517 271-16|Ammunition,|&c.|for|the|Fort;|where|you|will
268,1607|265,1653|243,1677|267,1693|524,1693|544,1692|904,1692|924,1691|1184,1691|1204,1711|1224,1711|1244,1691|1304,1691|1324,1690|1684,1690|1700,1689|1693,1608|1664,1608|1644,1628|1624,1608|1384,1608|1364,1628|1344,1628|1324,1608|1304,1607|944,1607|924,1627|904,1627|884,1607 271-17|receive|Clothes|and|Arms|for|the|Men.
1664,1760|1644,1761|1404,1761|1384,1762|1164,1762|1144,1763|904,1763|884,1764|664,1764|644,1765|404,1765|384,1766|255,1766|255,1767|205,1779|184,1816|180,1833|178,1858|277,1867|495,1872|513,1891|577,1869|769,1872|771,1883|824,1883|844,1863|924,1863|944,1883|1284,1883|1304,1889|1324,1887|1344,1889|1364,1889|1384,1883|1404,1863|1424,1863|1444,1883|1624,1883|1644,1882|1664,1895|1684,1883|1704,1879|1724,1865|1744,1882|1979,1882|1980,1833|1954,1792|1770,1764|1765,1760 271-18|28th.|To|Captain|Bell|of|the|Virginia|Regiment.
844,1863|824,1883|771,1883|780,1941|761,1954|764,1954|944,1954|964,1955|1144,1955|1164,1956|1364,1956|1384,1957|1464,1957|1484,1977|1524,1977|1544,1957|1564,1957|1584,1958|1764,1958|1784,1959|1844,1959|1864,1979|1884,1979|1904,1959|1964,1959|1984,1960|1978,1935|1979,1882|1744,1882|1724,1865|1704,1879|1684,1883|1664,1895|1644,1882|1624,1883|1444,1883|1424,1863|1404,1863|1384,1883|1364,1889|1344,1889|1324,1887|1304,1889|1284,1883|944,1883|924,1863 271-19|I|have|Ordered|Ensign|Fleming
761,1954|744,1966|564,1966|367,1965|282,1986|252,2022|277,2032|279,2045|384,2045|404,2065|424,2066|444,2046|664,2046|684,2047|784,2047|804,2067|824,2047|924,2047|944,2048|1004,2048|1024,2028|1044,2028|1064,2048|1104,2048|1124,2068|1184,2068|1204,2069|1224,2049|1444,2049|1464,2050|1544,2050|1564,2070|1584,2070|1604,2050|1704,2050|1724,2051|1844,2051|1864,2071|1884,2051|1964,2051|1984,2052|1989,2052|1987,2043|1996,2010|1984,1960|1964,1959|1904,1959|1884,1979|1864,1979|1844,1959|1784,1959|1764,1958|1584,1958|1564,1957|1544,1957|1524,1977|1484,1977|1464,1957|1384,1957|1364,1956|1164,1956|1144,1955|964,1955|944,1954|764,1954|761,1954 271-20|to|Repair|to|Captain|Hoggs|Company|with|eight
1024,2028|1004,2048|944,2048|924,2047|824,2047|804,2067|784,2047|684,2047|664,2046|444,2046|424,2066|404,2065|384,2045|279,2045|285,2083|261,2119|259,2140|272,2148|284,2148|304,2128|564,2128|584,2129|984,2129|1004,2130|1024,2130|1044,2150|1064,2150|1084,2130|1184,2130|1204,2170|1224,2170|1244,2150|1264,2150|1284,2130|1404,2130|1424,2131|1824,2131|1844,2132|1975,2132|1975,2131|1999,2101|1989,2052|1984,2052|1964,2051|1884,2051|1864,2071|1844,2051|1724,2051|1704,2050|1604,2050|1584,2070|1564,2070|1544,2050|1464,2050|1444,2049|1224,2049|1204,2069|1184,2068|1124,2068|1104,2048|1064,2048|1044,2028 271-21|good|men;|which|I|expect|you|will|see|immedi-
304,2128|284,2148|272,2148|277,2151|282,2173|262,2193|285,2203|285,2213|304,2213|324,2193|344,2253|364,2253|384,2233|404,2234|424,2214|564,2214|584,2234|604,2214|644,2214|664,2215|904,2215|924,2216|1164,2216|1184,2217|1424,2217|1444,2218|1684,2218|1704,2219|1904,2219|1924,2199|1944,2219|1964,2220|1970,2220|1978,2175|1975,2132|1844,2132|1824,2131|1424,2131|1404,2130|1284,2130|1264,2150|1244,2150|1224,2170|1204,2170|1184,2130|1084,2130|1064,2150|1044,2150|1024,2130|1004,2130|984,2129|584,2129|564,2128 271-22|ately|complied|with.|He|is|to|account|with|you
324,2193|304,2213|285,2213|283,2259|265,2271|264,2304|285,2311|285,2315|304,2296|484,2296|504,2297|784,2297|804,2277|824,2317|844,2318|864,2298|1124,2298|1144,2318|1164,2318|1184,2298|1204,2299|1264,2299|1284,2319|1304,2299|1524,2299|1544,2300|1764,2300|1784,2320|1804,2320|1824,2300|1884,2300|1904,2301|1955,2301|1960,2278|1970,2220|1964,2220|1944,2219|1924,2199|1904,2219|1704,2219|1684,2218|1444,2218|1424,2217|1184,2217|1164,2216|924,2216|904,2215|664,2215|644,2214|604,2214|584,2234|564,2214|424,2214|404,2234|384,2233|364,2253|344,2253|324,2193 271-23|for|his|recruiting|money|before|he|leaves|you.
804,2277|784,2297|504,2297|484,2296|304,2296|285,2315|286,2377|304,2378|324,2378|344,2375|364,2375|384,2427|404,2413|424,2409|444,2409|464,2379|604,2379|624,2380|764,2380|784,2381|824,2381|844,2401|864,2421|884,2421|904,2401|924,2381|944,2382|1064,2382|1084,2383|1184,2383|1204,2403|1224,2403|1244,2404|1264,2384|1384,2384|1404,2385|1544,2385|1564,2386|1584,2386|1604,2406|1624,2406|1644,2386|1704,2386|1724,2387|1844,2387|1864,2388|1965,2388|1948,2331|1955,2301|1904,2301|1884,2300|1824,2300|1804,2320|1784,2320|1764,2300|1544,2300|1524,2299|1304,2299|1284,2319|1264,2299|1204,2299|1184,2298|1164,2318|1144,2318|1124,2298|864,2298|844,2318|824,2317|804,2277 271-24|You|are|hereby|ordered,|peremptorily,|to|be|at
344,2375|324,2378|304,2378|286,2377|286,2419|268,2448|288,2462|344,2462|364,2482|384,2502|404,2482|424,2463|544,2463|564,2464|684,2464|704,2465|724,2465|744,2445|764,2465|824,2465|844,2466|964,2466|984,2467|1104,2467|1124,2468|1164,2468|1184,2488|1204,2508|1224,2508|1244,2488|1264,2469|1384,2469|1404,2470|1524,2470|1544,2471|1564,2491|1584,2491|1604,2471|1664,2471|1684,2472|1804,2472|1824,2473|1944,2473|1964,2474|1990,2474|1983,2446|1965,2388|1864,2388|1844,2387|1724,2387|1704,2386|1644,2386|1624,2406|1604,2406|1584,2386|1564,2386|1544,2385|1404,2385|1384,2384|1264,2384|1244,2404|1224,2403|1204,2403|1184,2383|1084,2383|1064,2382|944,2382|924,2381|904,2401|884,2421|864,2421|844,2401|824,2381|784,2381|764,2380|624,2380|604,2379|464,2379|444,2409|424,2409|404,2413|384,2427|364,2375 271-25|this|place|with|what|men|you|have,|or|can|en-
744,2445|724,2465|704,2465|684,2464|564,2464|544,2463|424,2463|404,2482|384,2502|364,2482|344,2462|288,2462|289,2463|289,2506|271,2529|291,2548|292,2558|304,2559|384,2559|404,2579|424,2579|444,2580|464,2560|564,2560|584,2561|704,2561|724,2562|864,2562|884,2543|904,2543|924,2563|1004,2563|1024,2564|1144,2564|1164,2565|1224,2565|1244,2545|1264,2565|1284,2565|1304,2586|1364,2586|1384,2566|1424,2566|1444,2567|1584,2567|1604,2568|1724,2568|1744,2569|1864,2569|1884,2570|1979,2570|2010,2541|1996,2496|1990,2474|1964,2474|1944,2473|1824,2473|1804,2472|1684,2472|1664,2471|1604,2471|1584,2491|1564,2491|1544,2471|1524,2470|1404,2470|1384,2469|1264,2469|1244,2488|1224,2508|1204,2508|1184,2488|1164,2468|1124,2468|1104,2467|984,2467|964,2466|844,2466|824,2465|764,2465|744,2445 271-26|list|by|the|1st.|of|December.|Your|late|disobedi-
884,2543|864,2562|724,2562|704,2561|584,2561|564,2560|464,2560|444,2580|424,2579|404,2579|384,2559|304,2559|292,2558|294,2587|279,2616|292,2631|292,2637|344,2637|364,2638|444,2638|464,2639|564,2639|584,2640|664,2640|684,2641|764,2641|784,2642|864,2642|884,2643|924,2643|944,2683|964,2683|984,2663|1004,2644|1084,2644|1104,2645|1144,2645|1164,2665|1184,2665|1204,2666|1224,2646|1284,2646|1304,2627|1324,2667|1344,2647|1404,2647|1424,2648|1504,2648|1524,2649|1604,2649|1624,2650|1704,2650|1724,2651|1824,2651|1844,2652|1924,2652|1944,2653|1947,2653|1951,2596|1979,2570|1884,2570|1864,2569|1744,2569|1724,2568|1604,2568|1584,2567|1444,2567|1424,2566|1384,2566|1364,2586|1304,2586|1284,2565|1264,2565|1244,2545|1224,2565|1164,2565|1144,2564|1024,2564|1004,2563|924,2563|904,2543 271-27|ence|of|Orders|has|greatly|displeased|me.|It|is
1304,2627|1284,2646|1224,2646|1204,2666|1184,2665|1164,2665|1144,2645|1104,2645|1084,2644|1004,2644|984,2663|964,2683|944,2683|924,2643|884,2643|864,2642|784,2642|764,2641|684,2641|664,2640|584,2640|564,2639|464,2639|444,2638|364,2638|344,2637|292,2637|292,2685|273,2706|297,2718|296,2734|324,2734|344,2735|404,2735|424,2756|444,2736|504,2736|524,2737|604,2737|624,2738|684,2738|704,2739|784,2739|804,2740|824,2740|844,2760|864,2760|884,2740|904,2741|964,2741|984,2742|1064,2742|1084,2743|1164,2743|1184,2744|1244,2744|1264,2745|1344,2745|1364,2746|1424,2746|1444,2766|1464,2747|1484,2767|1504,2747|1524,2747|1544,2748|1564,2748|1584,2728|1604,2748|1624,2748|1644,2749|1664,2749|1684,2729|1724,2729|1744,2750|1804,2750|1824,2751|1904,2751|1924,2752|1964,2752|1944,2694|1947,2653|1944,2653|1924,2652|1844,2652|1824,2651|1724,2651|1704,2650|1624,2650|1604,2649|1524,2649|1504,2648|1424,2648|1404,2647|1344,2647|1324,2667|1304,2627 271-28|impoßsible|to|carry|on|affairs|as|they|ought|to|be,
1584,2728|1564,2748|1544,2748|1524,2747|1504,2747|1484,2767|1464,2747|1444,2766|1424,2746|1364,2746|1344,2745|1264,2745|1244,2744|1184,2744|1164,2743|1084,2743|1064,2742|984,2742|964,2741|904,2741|884,2740|864,2760|844,2760|824,2740|804,2740|784,2739|704,2739|684,2738|624,2738|604,2737|524,2737|504,2736|444,2736|424,2756|404,2735|344,2735|324,2734|296,2734|295,2766|274,2784|295,2800|296,2817|344,2817|364,2818|444,2818|464,2819|484,2841|504,2837|524,2829|544,2825|564,2820|644,2820|664,2821|744,2821|764,2842|784,2822|844,2822|864,2823|944,2823|964,2824|1044,2824|1064,2825|1144,2825|1164,2846|1184,2846|1204,2826|1244,2826|1264,2827|1344,2827|1364,2828|1384,2808|1404,2828|1444,2828|1464,2829|1544,2829|1564,2830|1644,2830|1664,2831|1744,2831|1764,2832|1844,2832|1864,2833|1884,2813|1924,2813|1944,2833|1964,2834|1966,2834|1966,2830|1974,2779|1964,2752|1924,2752|1904,2751|1824,2751|1804,2750|1744,2750|1724,2729|1684,2729|1664,2749|1644,2749|1624,2748|1604,2748|1584,2728 271-29|when|you|pay|so|little|regard|to|the|Force|of|a
1384,2808|1364,2828|1344,2827|1264,2827|1244,2826|1204,2826|1184,2846|1164,2846|1144,2825|1064,2825|1044,2824|964,2824|944,2823|864,2823|844,2822|784,2822|764,2842|744,2821|664,2821|644,2820|564,2820|544,2825|524,2829|504,2837|484,2841|464,2819|444,2818|364,2818|344,2817|296,2817|297,2845|274,2863|300,2890|300,2898|344,2898|364,2899|464,2899|484,2900|504,2920|524,2920|544,2900|564,2900|584,2901|684,2901|704,2902|784,2902|804,2903|824,2903|844,2883|864,2943|884,2943|904,2923|924,2904|1004,2904|1024,2905|1104,2905|1124,2906|1224,2906|1244,2907|1324,2907|1344,2908|1444,2908|1464,2909|1524,2909|1544,2889|1564,2890|1584,2910|1664,2910|1684,2911|1764,2911|1784,2912|1884,2912|1904,2913|1984,2913|1985,2913|1969,2884|1966,2834|1964,2834|1944,2833|1924,2813|1884,2813|1864,2833|1844,2832|1764,2832|1744,2831|1664,2831|1644,2830|1564,2830|1544,2829|1464,2829|1444,2828|1404,2828|1384,2808 271-30|Military|Order-|You|must|be|conscious|within
844,2883|824,2903|804,2903|784,2902|704,2902|684,2901|584,2901|564,2900|544,2900|524,2920|504,2920|484,2900|464,2899|364,2899|344,2898|300,2898|297,2938|277,2962|273,3004|301,3003|301,3004|304,3004|324,2984|344,2984|364,2985|404,2985|424,2965|444,2985|464,2986|484,3006|504,3006|524,2986|544,2986|564,2987|644,2987|664,2988|724,2988|744,2968|764,2989|844,2989|864,2990|944,2990|964,2991|1024,2991|1044,3011|1064,2992|1144,2992|1164,2993|1184,2993|1204,2973|1224,2973|1244,2993|1264,2994|1344,2994|1364,2995|1444,2995|1464,2996|1524,2996|1544,2993|1564,3003|1584,3013|1604,3009|1624,3009|1644,2997|1664,2998|1744,2998|1764,2999|1844,2999|1864,3000|1944,3000|1964,3001|2003,3001|2008,2953|1985,2913|1984,2913|1904,2913|1884,2912|1784,2912|1764,2911|1684,2911|1664,2910|1584,2910|1564,2890|1544,2889|1524,2909|1464,2909|1444,2908|1344,2908|1324,2907|1244,2907|1224,2906|1124,2906|1104,2905|1024,2905|1004,2904|924,2904|904,2923|884,2943|864,2943|844,2883 271-31|yourself|(|or|at|least|ought|to|be|)|that|your|Crime
424,2965|404,2985|364,2985|344,2984|324,2984|304,3004|301,3004|301,3025|277,3043|304,3054|303,3069|324,3069|344,3070|404,3070|424,3071|444,3091|464,3091|484,3071|504,3071|524,3072|604,3072|624,3073|684,3073|704,3074|784,3074|804,3075|884,3075|904,3076|964,3076|984,3077|1064,3077|1084,3078|1094,3078|1095,3066|1431,3066|1456,3082|1464,3082|1519,3082|1561,3070|1996,3066|2003,3001|1964,3001|1944,3000|1864,3000|1844,2999|1764,2999|1744,2998|1664,2998|1644,2997|1624,3009|1604,3009|1584,3013|1564,3003|1544,2993|1524,2996|1464,2996|1444,2995|1364,2995|1344,2994|1264,2994|1244,2993|1224,2973|1204,2973|1184,2993|1164,2993|1144,2992|1064,2992|1044,3011|1024,2991|964,2991|944,2990|864,2990|844,2989|764,2989|744,2968|724,2988|664,2988|644,2987|564,2987|544,2986|524,2986|504,3006|484,3006|464,2986|444,2985|424,2965 271-32|is|sufficient|to|Break|the|best|Officer|that|ever
303,3069|301,3094|280,3130|306,3145|774,3141|796,3178|804,3178|808,3178|873,3141|1086,3141|1094,3078|1084,3078|1064,3077|984,3077|964,3076|904,3076|884,3075|804,3075|784,3074|704,3074|684,3073|624,3073|604,3072|524,3072|504,3071|484,3071|464,3091|444,3091|424,3071|404,3070|344,3070|324,3069 271-33|bore|a|Commißsion.
