463,115|435,126|426,135|413,135|339,165|189,157|186,201|190,225|192,225|206,218|426,218|446,219|606,219|626,236|646,230|666,219|686,220|906,220|926,221|1146,221|1166,222|1306,222|1326,242|1346,222|1386,222|1406,223|1626,223|1646,224|1866,224|1886,225|1966,225|1983,234|2035,232|2032,186|1927,165|1618,142|1451,136|1129,136|844,147|706,135|506,135|487,116|476,115 272-01|272.|Letters,|Orders|and|Instructions.|October
586,294|566,310|546,308|526,306|353,306|333,309|249,363|252,405|412,411|466,411|486,391|526,391|546,411|566,411|586,430|606,430|626,410|966,410|986,409|1126,409|1133,424|1138,424|1162,442|1230,445|1246,429|1280,429|1289,426|1306,409|1346,409|1349,412|1381,413|1386,408|1586,408|1606,388|1626,408|1646,408|1665,427|1684,428|1706,428|1726,408|1746,408|1766,407|1947,407|1905,321|1907,308|1866,308|1846,306|1746,306|1726,304|1706,302|1526,302|1506,300|1426,300|1406,298|1266,298|1246,296|686,296|666,294 272-02|28th.|To|Captain|Peter|Hogg,|of|the|Virginia
486,391|466,411|412,411|435,418|424,478|480,492|501,522|533,526|546,512|566,512|586,492|606,492|626,472|646,492|666,512|679,512|676,490|976,493|978,421|1133,424|1126,409|986,409|966,410|626,410|606,430|586,430|566,411|546,411|526,391 272-03|Regiment.
626,472|606,492|586,492|566,512|546,512|533,526|537,526|543,562|565,575|606,575|619,588|650,591|666,575|806,575|826,555|866,555|886,575|1646,575|1665,556|853,544|684,552|679,512|666,512|646,492|626,472 272-04|Sir,
826,555|806,575|666,575|650,591|660,592|757,580|745,654|738,655|1086,655|1106,684|1126,704|1146,696|1166,688|1186,675|1206,655|1366,655|1386,675|1426,675|1446,655|1666,655|1686,675|1706,675|1726,655|1919,655|1914,609|1767,585|1735,575|1686,575|1667,556|1665,556|1646,575|886,575|866,555 272-05|I|received|yours|of|the|6th.|of|Octo-
738,655|579,679|523,667|385,657|358,699|337,732|361,739|362,746|406,746|426,766|446,766|466,746|706,746|726,766|766,766|786,746|1086,746|1106,745|1286,745|1306,765|1346,765|1366,785|1386,765|1406,765|1426,745|1726,745|1746,765|1766,745|1826,745|1846,765|1885,765|1918,753|1926,745|1932,745|1924,700|1919,655|1726,655|1706,675|1686,675|1666,655|1446,655|1426,675|1386,675|1366,655|1206,655|1186,675|1166,688|1146,696|1126,704|1106,684|1086,655 272-06|ber,|inclosing|the|Returns|of|your|Company,
1106,745|1086,746|786,746|766,766|726,766|706,746|466,746|446,766|426,766|406,746|362,746|364,780|333,811|367,828|367,830|386,849|406,869|446,869|466,849|486,829|726,829|746,849|806,849|826,829|1006,829|1026,860|1046,854|1066,852|1086,849|1106,829|1686,829|1706,849|1726,829|1858,829|1858,775|1885,765|1846,765|1826,745|1766,745|1746,765|1726,745|1426,745|1406,765|1386,765|1366,785|1346,765|1306,765|1286,745 272-07|only|this|day.|Ferguson|was|sent|after
486,829|466,849|446,869|406,869|386,849|367,830|361,876|337,900|339,928|360,948|366,948|386,928|466,928|486,929|746,929|766,930|786,930|806,910|826,910|846,930|986,930|1006,910|1026,930|1046,911|1066,951|1086,931|1326,931|1346,932|1426,932|1446,912|1466,912|1486,932|1606,932|1626,933|1886,933|1906,934|1922,934|1903,871|1858,850|1858,829|1726,829|1706,849|1686,829|1106,829|1086,849|1066,852|1046,854|1026,860|1006,829|826,829|806,849|746,849|726,829 272-08|you,|but|falling|ill,|by|a|Sore|on|his|arm,|was
806,910|786,930|766,930|746,929|486,929|466,928|386,928|366,948|360,948|337,979|361,997|361,999|366,999|386,1000|546,1000|566,1001|746,1001|766,1002|926,1002|946,1003|1066,1003|1086,1023|1106,1003|1126,1003|1146,1004|1306,1004|1326,1005|1506,1005|1526,1006|1686,1006|1706,1007|1714,1007|1714,1006|1923,996|1932,966|1922,934|1906,934|1886,933|1626,933|1606,932|1486,932|1466,912|1446,912|1426,932|1346,932|1326,931|1086,931|1066,951|1046,911|1026,930|1006,910|986,930|846,930|826,910 272-09|ordered|to|halt|here,|where|he|now|remains
361,999|361,1039|333,1068|361,1084|361,1102|486,1102|506,1082|526,1082|546,1062|566,1102|806,1102|826,1123|846,1123|866,1103|906,1103|926,1083|946,1083|966,1103|1306,1103|1326,1083|1346,1103|1446,1103|1466,1104|1506,1104|1526,1084|1566,1084|1586,1104|1773,1104|1711,1098|1714,1007|1706,1007|1686,1006|1526,1006|1506,1005|1326,1005|1306,1004|1146,1004|1126,1003|1106,1003|1086,1023|1066,1003|946,1003|926,1002|766,1002|746,1001|566,1001|546,1000|386,1000|366,999 272-10|unfit|for|Duty:|therefore|I|have|sent
546,1062|526,1082|506,1082|486,1102|361,1102|361,1131|336,1149|361,1164|361,1165|446,1165|466,1166|706,1166|726,1167|886,1167|906,1187|926,1207|946,1207|966,1187|986,1167|1006,1168|1246,1168|1266,1169|1286,1169|1306,1189|1326,1169|1526,1169|1546,1170|1786,1170|1806,1171|1915,1171|1906,1117|1773,1104|1586,1104|1566,1084|1526,1084|1506,1104|1466,1104|1446,1103|1346,1103|1326,1083|1306,1103|966,1103|946,1083|926,1083|906,1103|866,1103|846,1123|826,1123|806,1102|566,1102|546,1062 272-11|in|his|room.|Sergeant|Wilper|has|received
361,1165|351,1212|334,1239|352,1269|366,1269|386,1249|506,1249|526,1250|826,1250|846,1251|1146,1251|1166,1252|1486,1252|1506,1253|1546,1253|1566,1273|1586,1273|1606,1253|1766,1253|1786,1273|1806,1253|1822,1254|1806,1180|1915,1174|1915,1171|1806,1171|1786,1170|1546,1170|1526,1169|1326,1169|1306,1189|1286,1169|1266,1169|1246,1168|1006,1168|986,1167|966,1187|946,1207|926,1207|906,1187|886,1167|726,1167|706,1166|466,1166|446,1165 272-12|from|Fort|Cumberland|and|this|place,
386,1249|366,1269|352,1269|355,1275|351,1297|333,1311|360,1327|359,1336|966,1336|986,1356|1006,1356|1026,1336|1246,1336|1266,1337|1286,1337|1306,1357|1326,1357|1346,1337|1466,1337|1486,1357|1526,1357|1546,1337|1902,1337|1936,1324|1926,1296|1827,1275|1822,1254|1806,1253|1786,1273|1766,1253|1606,1253|1586,1273|1566,1273|1546,1253|1506,1253|1486,1252|1166,1252|1146,1251|846,1251|826,1250|526,1250|506,1249 272-13|Arms|and|Clothing|to|completeyour|Compa-
359,1336|355,1387|331,1396|336,1411|360,1428|357,1446|366,1464|386,1444|406,1444|426,1424|446,1425|666,1425|686,1426|906,1426|926,1427|946,1427|966,1407|986,1427|1146,1427|1166,1428|1386,1428|1406,1429|1586,1429|1606,1409|1626,1429|1646,1430|1866,1430|1884,1431|1876,1416|1884,1344|1902,1337|1546,1337|1526,1357|1486,1357|1466,1337|1346,1337|1326,1357|1306,1357|1286,1337|1266,1337|1246,1336|1026,1336|1006,1356|986,1356|966,1336 272-14|ny|to|the|Establishment.|He|has|enlisted
966,1407|946,1427|926,1427|906,1426|686,1426|666,1425|446,1425|426,1424|406,1444|386,1444|366,1464|357,1446|355,1456|325,1489|354,1501|354,1505|406,1505|426,1506|646,1506|666,1507|866,1507|886,1508|1106,1508|1126,1509|1346,1509|1366,1510|1566,1510|1586,1511|1806,1511|1826,1512|1903,1512|1905,1473|1884,1431|1866,1430|1646,1430|1626,1429|1606,1409|1586,1429|1406,1429|1386,1428|1166,1428|1146,1427|986,1427|966,1407 272-15|three|men|on|his|march,|and|I|have|or-
354,1505|352,1555|330,1576|357,1593|354,1610|446,1610|466,1611|706,1611|726,1591|746,1592|766,1592|786,1612|826,1612|846,1592|866,1612|986,1612|1006,1613|1026,1633|1046,1633|1066,1613|1126,1613|1146,1593|1166,1593|1186,1613|1266,1613|1286,1614|1386,1614|1406,1634|1426,1614|1466,1614|1486,1594|1506,1614|1526,1614|1546,1615|1806,1615|1826,1616|1913,1616|1903,1518|1903,1512|1826,1512|1806,1511|1586,1511|1566,1510|1366,1510|1346,1509|1126,1509|1106,1508|886,1508|866,1507|666,1507|646,1506|426,1506|406,1505 272-16|dered|Ensign|Fleming,|with|eight|others,|to
726,1591|706,1611|466,1611|446,1610|354,1610|348,1648|313,1680|328,1699|334,1699|346,1687|426,1687|446,1688|466,1688|486,1708|506,1708|526,1688|686,1688|706,1689|886,1689|906,1709|926,1689|946,1689|966,1690|1026,1690|1046,1670|1066,1670|1086,1690|1146,1690|1166,1710|1186,1710|1206,1690|1226,1691|1446,1691|1466,1692|1706,1692|1726,1693|1806,1693|1826,1673|1846,1673|1857,1684|1900,1657|1915,1633|1913,1616|1826,1616|1806,1615|1546,1615|1526,1614|1506,1614|1486,1594|1466,1614|1426,1614|1406,1634|1386,1614|1286,1614|1266,1613|1186,1613|1166,1593|1146,1593|1126,1613|1066,1613|1046,1633|1026,1633|1006,1613|986,1612|866,1612|846,1592|826,1612|786,1612|766,1592|746,1592|726,1591 272-17|join|you;|he|being|a|Surgeon,|he|is|desired|to
1046,1670|1026,1690|966,1690|946,1689|926,1689|906,1709|886,1689|706,1689|686,1688|526,1688|506,1708|486,1708|466,1688|446,1688|426,1687|346,1687|334,1699|354,1698|348,1720|331,1744|354,1755|353,1762|426,1762|446,1763|666,1763|686,1764|706,1764|726,1784|746,1764|766,1804|786,1804|806,1784|826,1784|846,1764|926,1764|946,1765|1106,1765|1126,1785|1146,1765|1166,1765|1186,1766|1246,1766|1266,1786|1306,1786|1326,1766|1346,1766|1366,1786|1406,1786|1426,1766|1446,1767|1666,1767|1686,1768|1706,1748|1726,1768|1866,1768|1857,1684|1846,1673|1826,1673|1806,1693|1726,1693|1706,1692|1466,1692|1446,1691|1226,1691|1206,1690|1186,1710|1166,1710|1146,1690|1086,1690|1066,1670 272-18|take|care|of|your|Company;|for|which|he
1706,1748|1686,1768|1666,1767|1446,1767|1426,1766|1406,1786|1366,1786|1346,1766|1326,1766|1306,1786|1266,1786|1246,1766|1186,1766|1166,1765|1146,1765|1126,1785|1106,1765|946,1765|926,1764|846,1764|826,1784|806,1784|786,1804|766,1804|746,1764|726,1784|706,1764|686,1764|666,1763|446,1763|426,1762|353,1762|349,1807|330,1827|331,1845|349,1848|349,1855|446,1855|466,1856|646,1856|666,1868|706,1868|726,1857|886,1857|906,1908|926,1904|946,1896|966,1892|986,1894|1006,1888|1026,1872|1046,1870|1066,1858|1226,1858|1246,1859|1486,1859|1506,1860|1526,1860|1546,1880|1566,1880|1586,1860|1766,1860|1786,1861|1874,1861|1869,1800|1866,1768|1726,1768|1706,1748 272-19|will|be|allowed.|You|must|use|your|best
349,1855|348,1896|325,1915|346,1930|347,1940|506,1940|526,1941|826,1941|846,1942|1066,1942|1086,1962|1106,1962|1126,1942|1146,1942|1166,1943|1246,1943|1266,1963|1286,1963|1306,1943|1466,1943|1486,1944|1786,1944|1806,1945|1892,1945|1881,1938|1874,1861|1786,1861|1766,1860|1586,1860|1566,1880|1546,1880|1526,1860|1506,1860|1486,1859|1246,1859|1226,1858|1066,1858|1046,1870|1026,1872|1006,1888|986,1894|966,1892|946,1896|926,1904|906,1908|886,1857|726,1857|706,1868|666,1868|646,1856|466,1856|446,1855 272-20|endeavours|to|secure|your|provisions,|and|do
347,1940|349,1975|321,1996|345,2019|386,2019|406,2020|586,2020|606,2021|646,2021|666,2061|706,2061|726,2041|746,2021|786,2021|806,2022|986,2022|1006,2023|1186,2023|1206,2024|1346,2024|1366,2044|1386,2024|1406,2025|1586,2025|1606,2026|1746,2026|1766,2046|1786,2046|1806,2047|1826,2047|1846,2027|1897,2027|1941,2022|1936,1972|1892,1945|1806,1945|1786,1944|1486,1944|1466,1943|1306,1943|1286,1963|1266,1963|1246,1943|1166,1943|1146,1942|1126,1942|1106,1962|1086,1962|1066,1942|846,1942|826,1941|526,1941|506,1940 272-21|with|it|as|you|see|most|needful:|-|It|is|impoßsi-
345,2019|348,2022|348,2059|327,2086|349,2103|349,2107|466,2107|486,2108|746,2108|766,2109|1026,2109|1046,2110|1326,2110|1346,2111|1606,2111|1626,2112|1806,2112|1826,2132|1846,2112|1852,2112|1861,2031|1897,2027|1846,2027|1826,2047|1806,2047|1786,2046|1766,2046|1746,2026|1606,2026|1586,2025|1406,2025|1386,2024|1366,2044|1346,2024|1206,2024|1186,2023|1006,2023|986,2022|806,2022|786,2021|746,2021|726,2041|706,2061|666,2061|646,2021|606,2021|586,2020|406,2020|386,2019 272-22|ble|I|can|direct|about|it|at|this|distance,
349,2107|348,2148|322,2202|347,2215|366,2196|406,2196|426,2206|446,2206|466,2196|546,2196|566,2216|586,2216|606,2196|826,2196|846,2197|1466,2197|1486,2198|1606,2198|1626,2218|1646,2198|1845,2198|1852,2113|1852,2112|1846,2112|1826,2132|1806,2112|1626,2112|1606,2111|1346,2111|1326,2110|1046,2110|1026,2109|766,2109|746,2108|486,2108|466,2107 272-23|properly.|As|we|have|contracted|for|a
366,2196|347,2215|348,2215|343,2275|344,2293|406,2293|426,2313|446,2313|466,2293|526,2293|546,2294|566,2294|586,2314|606,2314|626,2294|806,2294|826,2274|846,2314|866,2314|886,2294|906,2295|1246,2295|1266,2296|1406,2296|1426,2276|1446,2296|1606,2296|1626,2297|1666,2297|1686,2277|1706,2297|1903,2297|1881,2248|1845,2202|1845,2198|1646,2198|1626,2218|1606,2198|1486,2198|1466,2197|846,2197|826,2196|606,2196|586,2216|566,2216|546,2196|466,2196|446,2206|426,2206|406,2196 272-24|large|quantity|of|Beef|already,|you|are
826,2274|806,2294|626,2294|606,2314|586,2314|566,2294|546,2294|526,2293|466,2293|446,2313|426,2313|406,2293|344,2293|345,2317|340,2376|340,2378|426,2378|446,2379|646,2379|666,2359|686,2380|726,2380|746,2400|766,2380|826,2380|846,2400|866,2380|926,2380|946,2381|1166,2381|1186,2362|1206,2362|1226,2382|1426,2382|1446,2383|1666,2383|1686,2384|1706,2364|1746,2364|1766,2384|1786,2384|1806,2364|1826,2384|1906,2384|1907,2384|1909,2311|1903,2297|1706,2297|1686,2277|1666,2297|1626,2297|1606,2296|1446,2296|1426,2276|1406,2296|1266,2296|1246,2295|906,2295|886,2294|866,2314|846,2314|826,2274 272-25|desired|to|engage|no|more|than|what|will
666,2359|646,2379|446,2379|426,2378|340,2378|342,2410|324,2424|345,2442|344,2460|446,2460|466,2461|526,2461|546,2441|566,2441|586,2461|686,2461|706,2481|726,2482|746,2482|766,2462|966,2462|986,2463|1046,2463|1066,2443|1086,2463|1246,2463|1266,2464|1366,2464|1386,2478|1406,2478|1426,2464|1506,2464|1526,2465|1626,2465|1646,2445|1666,2465|1766,2465|1786,2466|1874,2466|1875,2455|1905,2430|1907,2384|1906,2384|1826,2384|1806,2364|1786,2384|1766,2384|1746,2364|1706,2364|1686,2384|1666,2383|1446,2383|1426,2382|1226,2382|1206,2362|1186,2362|1166,2381|946,2381|926,2380|866,2380|846,2400|826,2380|766,2380|746,2400|726,2380|686,2380|666,2359 272-26|suffice|for|your|own|Company.|I|shall
546,2441|526,2461|466,2461|446,2460|344,2460|342,2491|319,2506|342,2524|342,2537|446,2537|466,2538|586,2538|606,2539|726,2539|746,2540|826,2540|846,2560|866,2560|886,2541|1006,2541|1026,2542|1086,2542|1106,2562|1126,2562|1146,2542|1166,2543|1186,2523|1206,2543|1286,2543|1306,2544|1366,2544|1386,2524|1406,2544|1426,2544|1446,2545|1566,2545|1586,2546|1706,2546|1726,2547|1846,2547|1866,2548|1896,2548|1869,2535|1874,2466|1786,2466|1766,2465|1666,2465|1646,2445|1626,2465|1526,2465|1506,2464|1426,2464|1406,2478|1386,2478|1366,2464|1266,2464|1246,2463|1086,2463|1066,2443|1046,2463|986,2463|966,2462|766,2462|746,2482|726,2482|706,2481|686,2461|586,2461|566,2441 272-27|see|that|money|is|lodged|with|Mr.|Dick
1186,2523|1166,2543|1146,2542|1126,2562|1106,2562|1086,2542|1026,2542|1006,2541|886,2541|866,2560|846,2560|826,2540|746,2540|726,2539|606,2539|586,2538|466,2538|446,2537|342,2537|342,2572|319,2605|322,2632|337,2646|346,2646|366,2626|386,2627|406,2627|426,2647|446,2667|466,2647|486,2647|506,2627|546,2627|566,2608|586,2628|746,2628|766,2629|926,2629|946,2630|1106,2630|1126,2631|1306,2631|1326,2632|1486,2632|1506,2633|1526,2656|1546,2652|1566,2644|1586,2633|1686,2633|1706,2634|1866,2634|1875,2634|1939,2616|1945,2571|1896,2548|1866,2548|1846,2547|1726,2547|1706,2546|1586,2546|1566,2545|1446,2545|1426,2544|1406,2544|1386,2524|1366,2544|1306,2544|1286,2543|1206,2543|1186,2523 272-28|for|your|use|when|I|see|him.|-|You|are|to
566,2608|546,2627|506,2627|486,2647|466,2647|446,2667|426,2647|406,2627|386,2627|366,2626|346,2646|337,2646|336,2661|321,2685|336,2695|337,2705|586,2705|606,2706|966,2706|986,2726|1006,2707|1026,2727|1046,2707|1086,2707|1106,2727|1146,2727|1166,2707|1246,2707|1266,2727|1286,2727|1306,2707|1406,2707|1426,2708|1806,2708|1826,2709|1848,2709|1866,2637|1875,2634|1866,2634|1706,2634|1686,2633|1586,2633|1566,2644|1546,2652|1526,2656|1506,2633|1486,2632|1326,2632|1306,2631|1126,2631|1106,2630|946,2630|926,2629|766,2629|746,2628|586,2628|566,2608 272-29|see|the|usual|stoppages|from|the|mens
337,2705|340,2748|313,2794|330,2808|386,2808|406,2828|426,2828|446,2808|466,2809|686,2809|706,2789|726,2789|746,2810|826,2810|846,2830|866,2810|986,2810|1006,2811|1266,2811|1286,2812|1526,2812|1546,2813|1601,2813|1602,2808|1858,2778|1846,2718|1848,2709|1826,2709|1806,2708|1426,2708|1406,2707|1306,2707|1286,2727|1266,2727|1246,2707|1166,2707|1146,2727|1106,2727|1086,2707|1046,2707|1026,2727|1006,2707|986,2726|966,2706|606,2706|586,2705 272-30|pay|while|they|are|in|the|Hospital,|to
706,2789|686,2809|466,2809|446,2808|426,2828|406,2828|386,2808|330,2808|331,2809|336,2836|313,2856|337,2875|347,2879|386,2879|406,2880|606,2880|626,2861|646,2881|826,2881|846,2902|866,2882|926,2882|946,2862|966,2882|1046,2882|1066,2883|1086,2883|1106,2903|1126,2903|1146,2883|1246,2883|1266,2884|1466,2884|1486,2885|1546,2885|1566,2865|1586,2885|1664,2885|1593,2877|1601,2813|1546,2813|1526,2812|1286,2812|1266,2811|1006,2811|986,2810|866,2810|846,2830|826,2810|746,2810|726,2789 272-31|answer|the|expence|of|Nurses,|&c.
626,2861|606,2880|406,2880|386,2879|347,2879|388,2895|391,2950|371,2965|386,2980|406,2994|426,2994|446,2988|466,2981|486,2961|546,2961|566,2962|726,2962|746,2963|906,2963|926,2964|1006,2964|1026,2998|1046,2984|1066,2984|1086,2964|1106,2965|1246,2965|1266,2985|1286,2986|1306,2966|1446,2966|1466,2967|1626,2967|1646,2968|1766,2968|1786,2988|1806,2968|1826,2969|1854,2969|1861,2907|1664,2885|1586,2885|1566,2865|1546,2885|1486,2885|1466,2884|1266,2884|1246,2883|1146,2883|1126,2903|1106,2903|1086,2883|1066,2883|1046,2882|966,2882|946,2862|926,2882|866,2882|846,2902|826,2881|646,2881|626,2861 272-32|You|must|be|very|careful|not|to|slip
486,2961|466,2981|446,2988|426,2994|406,2994|386,2980|371,2965|342,2988|319,3013|316,3034|337,3052|366,3052|386,3053|466,3053|486,3074|506,3054|526,3074|546,3054|566,3054|586,3055|666,3055|686,3056|766,3056|786,3057|806,3037|826,3057|846,3077|866,3057|886,3058|966,3058|986,3062|1006,3060|1046,3060|1066,3059|1086,3060|1166,3060|1186,3061|1266,3061|1286,3062|1366,3062|1386,3063|1466,3063|1486,3064|1566,3064|1586,3065|1666,3065|1686,3066|1766,3066|1786,3067|1866,3067|1886,3068|1931,3068|1923,3063|1924,3000|1852,2982|1854,2969|1826,2969|1806,2968|1786,2988|1766,2968|1646,2968|1626,2967|1466,2967|1446,2966|1306,2966|1286,2986|1266,2985|1246,2965|1106,2965|1086,2964|1066,2984|1046,2984|1026,2998|1006,2964|926,2964|906,2963|746,2963|726,2962|566,2962|546,2961 272-33|the|opportunity|of|purchasing|Grain|for|your
806,3037|786,3057|766,3056|686,3056|666,3055|586,3055|566,3054|546,3054|526,3074|506,3054|486,3074|466,3053|386,3053|366,3052|337,3052|343,3057|339,3084|310,3111|339,3121|406,3136|406,3136|466,3136|486,3137|526,3137|546,3138|566,3158|582,3168|588,3169|606,3158|626,3159|646,3139|686,3139|706,3140|746,3140|766,3141|826,3141|846,3142|886,3142|906,3143|966,3143|980,3158|1014,3156|1026,3144|1046,3144|1066,3145|1106,3145|1126,3146|1186,3146|1206,3147|1246,3147|1266,3148|1326,3148|1346,3149|1406,3149|1426,3150|1434,3158|1458,3158|1466,3150|1486,3151|1546,3151|1552,3157|1581,3157|1586,3152|1606,3152|1626,3153|1631,3153|1963,3118|1963,3088|1931,3068|1886,3068|1866,3067|1786,3067|1766,3066|1686,3066|1666,3065|1586,3065|1566,3064|1486,3064|1466,3063|1386,3063|1366,3062|1286,3062|1266,3061|1186,3061|1166,3060|1086,3060|1066,3059|1046,3060|1006,3060|986,3062|966,3058|886,3058|866,3057|846,3077|826,3057|806,3037 272-34|Company,|that|being|your|only|dependance
