303,106|283,126|268,126|231,169|195,196|195,211|223,211|243,231|263,231|283,211|303,231|323,211|423,211|443,231|483,231|503,211|523,211|543,212|583,212|603,232|623,212|643,232|663,212|683,212|703,232|723,212|783,212|803,232|823,212|843,232|863,212|923,212|943,213|1103,213|1123,233|1143,213|1323,213|1343,214|1403,214|1423,234|1443,214|1723,214|1743,215|1763,215|1783,235|1803,215|1823,215|1843,235|1863,215|1923,215|1943,235|1958,220|1962,208|1948,172|1738,150|1410,141|1090,126|679,136|571,126|343,126|323,106 273-01|Letters|,|Orders|and|Instructions|.|October|1755|.|273|.
803,305|783,307|763,309|743,317|723,321|603,321|583,319|483,319|463,317|443,315|343,315|323,313|263,313|243,317|222,317|222,361|199,382|202,405|219,420|218,426|223,426|243,406|323,406|343,407|523,407|543,408|723,408|743,409|923,409|943,410|983,410|1003,430|1043,430|1063,410|1123,410|1143,431|1163,431|1183,411|1203,411|1223,391|1263,391|1283,411|1323,411|1343,412|1403,412|1423,432|1443,412|1523,412|1543,413|1723,413|1743,414|1885,414|1884,400|1947,370|1944,334|1945,325|1943,325|1923,323|1903,323|1883,321|1663,321|1643,319|1603,319|1583,317|1403,317|1383,315|1363,315|1343,311|1323,315|1303,315|1283,319|1203,319|1183,317|1163,315|1143,313|1103,313|1083,315|1063,319|943,319|923,317|883,317|863,315|843,313|823,307|803,305 273-02|for|Bread|;|the|Commißsary|having|no|Orders|to
1223,391|1203,411|1183,411|1163,431|1143,431|1123,410|1063,410|1043,430|1003,430|983,410|943,410|923,409|743,409|723,408|543,408|523,407|343,407|323,406|243,406|223,426|218,426|216,439|193,457|217,487|263,487|283,488|403,488|423,509|443,509|463,489|543,489|563,490|703,490|723,491|763,491|783,511|803,491|843,491|863,492|883,492|903,512|923,492|983,492|1003,493|1123,493|1143,494|1263,494|1283,514|1303,515|1343,515|1363,495|1423,495|1443,496|1563,496|1583,497|1703,497|1723,498|1863,498|1883,499|1895,499|1888,496|1885,414|1743,414|1723,413|1543,413|1523,412|1443,412|1423,432|1403,412|1343,412|1323,411|1283,411|1263,391 273-03|make|provisions|for|you|.|If|any|of|your|men
217,487|217,526|198,553|222,567|223,567|243,568|323,568|343,569|423,569|443,570|523,570|543,571|623,571|643,572|723,572|743,573|783,573|803,553|823,553|843,574|923,574|943,575|963,575|983,595|1023,595|1043,576|1123,576|1143,577|1223,577|1243,578|1323,578|1343,579|1423,579|1443,580|1523,580|1543,581|1623,581|1643,582|1743,582|1763,583|1783,603|1803,583|1843,583|1863,584|1943,584|1947,584|1960,525|1895,499|1883,499|1863,498|1723,498|1703,497|1583,497|1563,496|1443,496|1423,495|1363,495|1343,515|1303,515|1283,514|1263,494|1143,494|1123,493|1003,493|983,492|923,492|903,512|883,492|863,492|843,491|803,491|783,511|763,491|723,491|703,490|563,490|543,489|463,489|443,509|423,509|403,488|283,488|263,487 273-04|should|desert|or|die|,|you|are|immediately|to
803,553|783,573|743,573|723,572|643,572|623,571|543,571|523,570|443,570|423,569|343,569|323,568|243,568|223,567|222,567|217,597|198,627|202,645|206,652|423,652|443,653|683,653|699,669|706,670|723,653|743,654|783,654|803,674|843,674|863,654|903,654|917,683|934,683|943,674|963,674|983,654|1003,654|1018,684|1054,684|1063,675|1083,655|1158,655|1171,651|1220,655|1323,655|1343,656|1363,656|1375,668|1390,669|1403,656|1483,656|1495,680|1517,682|1523,676|1543,676|1563,656|1623,656|1635,657|1648,651|1939,648|1941,610|1947,584|1943,584|1863,584|1843,583|1803,583|1783,603|1763,583|1743,582|1643,582|1623,581|1543,581|1523,580|1443,580|1423,579|1343,579|1323,578|1243,578|1223,577|1143,577|1123,576|1043,576|1023,595|983,595|963,575|943,575|923,574|843,574|823,553 273-05|Recruit|others|,|keeping|your|Company|to|the|Esta|-
206,652|219,673|219,702|196,720|219,730|220,737|243,737|263,738|383,738|403,739|523,739|543,740|563,740|580,658|699,669|683,653|443,653|423,652 273-06|blishment|.
423,813|403,817|383,817|363,816|323,816|303,815|223,815|203,814|178,814|123,865|143,914|178,914|297,907|414,907|414,914|1083,914|1103,934|1123,914|1143,934|1163,934|1183,914|1463,914|1483,934|1538,934|1545,932|1563,914|1601,914|1626,906|1822,895|1807,846|1651,831|1503,831|1483,829|1463,825|1423,825|1419,824|1387,824|1383,825|1363,833|1343,837|1263,837|1243,835|1223,831|1203,827|1183,827|1163,825|1123,825|1103,823|1063,823|1043,827|923,827|903,825|883,825|863,829|663,829|643,827|623,825|603,825|583,823|543,823|523,819|503,817|483,815|463,815|443,813 273-07|28th|.|To|Lieutenant|Bacon|of|the|Maryland
414,914|415,984|389,1011|403,1010|423,990|463,990|483,1010|507,1010|507,1008|536,1010|583,1010|587,1014|607,1015|619,1014|623,1010|643,1010|663,1009|721,1009|891,1000|972,1008|1143,1008|1162,1027|1165,1027|1187,1024|1203,1007|1303,1007|1320,1024|1329,1027|1345,1027|1377,1013|1383,1007|1391,1007|1437,987|1434,931|1519,940|1538,934|1483,934|1463,914|1183,914|1163,934|1143,934|1123,914|1103,934|1083,914 273-08|Independant|Company|.
423,990|403,1010|389,1011|337,1063|379,1087|423,1087|434,1098|463,1102|468,1102|483,1087|523,1087|543,1086|943,1086|963,1085|1363,1085|1373,1084|790,1068|504,1069|507,1010|483,1010|463,990 273-09|Sir|,
1373,1084|1363,1085|963,1085|943,1086|543,1086|523,1087|483,1087|468,1102|733,1095|712,1169|843,1169|863,1168|1203,1168|1223,1167|1563,1167|1583,1166|1903,1166|1923,1186|1943,1185|1951,1177|1957,1101|1373,1084 273-10|As|those|Stockades|on|Pattersons|Creek|,
1583,1166|1563,1167|1223,1167|1203,1168|863,1168|843,1169|712,1169|711,1171|481,1188|241,1204|228,1228|226,1252|227,1267|403,1267|423,1287|443,1267|463,1287|483,1266|803,1266|823,1265|843,1285|883,1285|903,1265|1003,1265|1023,1285|1043,1265|1163,1265|1183,1244|1203,1264|1503,1264|1523,1263|1683,1263|1703,1283|1723,1283|1743,1263|1863,1263|1883,1262|1942,1262|1950,1192|1951,1177|1943,1185|1923,1186|1903,1166 273-11|are|only|intended|by|way|of|cover|to|the|Rangers|,|and
1183,1244|1163,1265|1043,1265|1023,1285|1003,1265|903,1265|883,1285|843,1285|823,1265|803,1266|483,1266|463,1287|443,1267|423,1287|403,1267|227,1267|229,1306|226,1335|228,1345|303,1345|323,1344|483,1344|503,1363|523,1363|543,1343|663,1343|683,1342|863,1342|883,1341|1043,1341|1063,1340|1223,1340|1243,1359|1263,1339|1403,1339|1423,1338|1603,1338|1623,1337|1643,1337|1663,1357|1723,1357|1743,1337|1783,1337|1803,1336|1959,1336|1941,1270|1942,1262|1883,1262|1863,1263|1743,1263|1723,1283|1703,1283|1683,1263|1523,1263|1503,1264|1203,1264|1183,1244 273-12|as|a|Receptacle|now|and|then|for|Provisions|;|you|are
1803,1336|1783,1337|1743,1337|1723,1357|1663,1357|1643,1337|1623,1337|1603,1338|1423,1338|1403,1339|1263,1339|1243,1359|1223,1340|1063,1340|1043,1341|883,1341|863,1342|683,1342|663,1343|543,1343|523,1363|503,1363|483,1344|323,1344|303,1345|228,1345|235,1393|223,1408|237,1426|236,1436|323,1436|343,1435|543,1435|563,1434|703,1434|723,1454|743,1434|763,1433|963,1433|983,1431|1003,1435|1023,1437|1043,1441|1063,1432|1183,1432|1203,1431|1383,1431|1403,1430|1563,1430|1583,1450|1603,1430|1623,1429|1823,1429|1843,1428|1929,1428|1965,1399|1965,1356|1959,1336 273-13|desired|not|to|plan|any|work|,|which|requires|much
1843,1428|1823,1429|1623,1429|1603,1430|1583,1450|1563,1430|1403,1430|1383,1431|1203,1431|1183,1432|1063,1432|1043,1441|1023,1437|1003,1435|983,1431|963,1433|763,1433|743,1434|723,1454|703,1434|563,1434|543,1435|343,1435|323,1436|236,1436|234,1471|216,1497|240,1512|240,1516|443,1516|463,1515|763,1515|783,1514|1083,1514|1103,1513|1423,1513|1443,1512|1659,1512|1659,1509|1918,1501|1918,1437|1929,1428 273-14|time|to|execute|.|We|have|neither|Men|nor|Tools|,
1443,1512|1423,1513|1103,1513|1083,1514|783,1514|763,1515|463,1515|443,1516|240,1516|238,1558|232,1587|234,1611|283,1611|303,1613|323,1613|343,1615|363,1615|383,1619|403,1623|423,1623|443,1625|463,1625|483,1621|503,1631|523,1645|543,1645|563,1631|583,1617|783,1617|803,1615|823,1609|863,1609|883,1605|963,1605|983,1603|1043,1603|1063,1595|1103,1595|1123,1591|1143,1613|1183,1613|1203,1609|1223,1605|1243,1601|1303,1601|1323,1603|1343,1603|1363,1605|1383,1605|1403,1607|1423,1609|1443,1613|1463,1617|1483,1617|1503,1613|1523,1601|1543,1593|1684,1593|1657,1555|1659,1512 273-15|to|carry|on|the|undertaking|with|vigour|.
1123,1591|1103,1595|1063,1595|1043,1603|983,1603|963,1605|883,1605|863,1609|823,1609|803,1615|783,1617|583,1617|563,1631|543,1645|523,1645|503,1631|483,1621|463,1625|443,1625|423,1623|403,1623|383,1619|363,1615|343,1615|323,1613|303,1613|283,1611|234,1611|238,1673|243,1673|343,1673|363,1674|443,1674|463,1675|563,1675|583,1676|683,1676|703,1677|783,1677|803,1678|903,1678|923,1679|1003,1679|1023,1680|1123,1680|1143,1681|1243,1681|1263,1682|1343,1682|1363,1683|1463,1683|1483,1684|1583,1684|1603,1685|1678,1685|1692,1605|1684,1593|1543,1593|1523,1601|1503,1613|1483,1617|1463,1617|1443,1613|1423,1609|1403,1607|1383,1605|1363,1605|1343,1603|1323,1603|1303,1601|1243,1601|1223,1605|1203,1609|1183,1613|1143,1613|1123,1591 273-16|I|am|&c.|G.W.
199,1746|196,1747|142,1800|135,1813|144,1848|250,1855|403,1855|423,1854|683,1854|703,1853|963,1853|983,1852|1263,1852|1283,1851|1503,1851|1523,1871|1543,1865|1563,1869|1583,1850|1743,1850|1752,1859|1771,1858|1807,1810|1720,1759|1703,1757|1690,1754|1665,1756|1666,1753|1523,1753|1503,1761|1483,1778|1363,1778|1343,1758|1323,1759|1303,1779|1283,1759|743,1759|723,1760|283,1760|263,1751|223,1751|203,1747|199,1746 273-17|29th|.|To|Lieutenant|Colonel|Adam|Stephen|,
1583,1850|1563,1869|1543,1865|1523,1871|1503,1851|1283,1851|1263,1852|983,1852|963,1853|703,1853|683,1854|423,1854|403,1855|250,1855|478,1857|489,1918|499,1954|513,1953|573,1941|718,1951|720,1956|803,1956|823,1975|843,1975|863,1955|1023,1955|1043,1954|1103,1954|1123,1934|1143,1954|1163,1974|1203,1974|1223,1954|1243,1954|1263,1953|1483,1953|1503,1952|1564,1952|1584,1870|1752,1859|1743,1850 273-18|of|the|Virginia|Regiment|.
1123,1934|1103,1954|1043,1954|1023,1955|863,1955|843,1975|823,1975|803,1956|720,1956|730,1987|700,2034|669,2033|683,2053|703,2071|743,2071|763,2051|783,2025|1163,2025|1183,2045|1243,2045|1263,2025|1523,2025|1543,2045|1563,2045|1583,2025|1743,2025|1763,2024|1939,2024|1920,1974|1561,1962|1564,1952|1503,1952|1483,1953|1263,1953|1243,1954|1223,1954|1203,1974|1163,1974|1143,1954|1123,1934 273-19|You|are|hereby|Ordered|,|so|soon|as
1763,2024|1743,2025|1583,2025|1563,2045|1543,2045|1523,2025|1263,2025|1243,2045|1183,2045|1163,2025|783,2025|763,2051|743,2071|703,2071|683,2053|669,2033|403,2025|332,2025|252,2055|240,2088|240,2114|423,2114|443,2119|463,2125|483,2133|503,2133|523,2134|543,2134|563,2114|943,2114|963,2134|983,2114|1263,2114|1283,2113|1957,2113|1953,2061|1939,2024 273-20|the|Waggons|arrive|from|Alexandria|and|Fort
1283,2113|1263,2114|983,2114|963,2134|943,2114|563,2114|543,2134|523,2134|503,2133|483,2133|463,2125|443,2119|423,2114|240,2114|240,2115|241,2160|225,2185|241,2196|241,2204|323,2204|343,2205|523,2205|543,2206|723,2206|743,2227|763,2207|923,2207|943,2208|1123,2208|1143,2209|1243,2209|1263,2189|1283,2209|1303,2225|1323,2221|1343,2210|1383,2210|1403,2190|1423,2210|1523,2210|1543,2211|1583,2211|1603,2191|1623,2211|1723,2211|1743,2212|1923,2212|1936,2213|1962,2167|1957,2113 273-21|Cumberland|,|with|Clothing|and|Arms|,|to|see
1263,2189|1243,2209|1143,2209|1123,2208|943,2208|923,2207|763,2207|743,2227|723,2206|543,2206|523,2205|343,2205|323,2204|241,2204|243,2248|222,2275|241,2281|242,2299|243,2299|343,2299|363,2300|463,2300|483,2301|563,2301|583,2281|603,2282|623,2282|643,2302|683,2302|703,2303|803,2303|823,2304|923,2304|943,2305|1043,2305|1063,2306|1143,2306|1163,2307|1263,2307|1283,2308|1383,2308|1403,2309|1423,2289|1443,2309|1503,2309|1523,2310|1563,2310|1583,2290|1603,2310|1623,2310|1643,2311|1723,2311|1743,2292|1763,2312|1843,2312|1863,2313|1963,2313|1963,2313|1930,2224|1936,2213|1923,2212|1743,2212|1723,2211|1623,2211|1603,2191|1583,2211|1543,2211|1523,2210|1423,2210|1403,2190|1383,2210|1343,2210|1323,2221|1303,2225|1283,2209|1263,2189 273-22|the|men|completely|furnished|with|both|;|and
583,2281|563,2301|483,2301|463,2300|363,2300|343,2299|243,2299|242,2299|244,2338|222,2355|241,2376|241,2378|243,2378|263,2379|363,2379|383,2380|503,2380|523,2381|623,2381|643,2382|763,2382|783,2383|883,2383|903,2384|1003,2384|1023,2385|1143,2385|1163,2386|1263,2386|1283,2387|1403,2387|1423,2368|1443,2388|1523,2388|1543,2389|1643,2389|1663,2390|1783,2390|1803,2391|1903,2391|1923,2392|1935,2392|1965,2376|1969,2328|1963,2313|1963,2313|1863,2313|1843,2312|1763,2312|1743,2292|1723,2311|1643,2311|1623,2310|1603,2310|1583,2290|1563,2310|1523,2310|1503,2309|1443,2309|1423,2289|1403,2309|1383,2308|1283,2308|1263,2307|1163,2307|1143,2306|1063,2306|1043,2305|943,2305|923,2304|823,2304|803,2303|703,2303|683,2302|643,2302|623,2282|603,2282|583,2281 273-23|march|them|immediately|to|Fort|Cumberland|;
1423,2368|1403,2387|1283,2387|1263,2386|1163,2386|1143,2385|1023,2385|1003,2384|903,2384|883,2383|783,2383|763,2382|643,2382|623,2381|523,2381|503,2380|383,2380|363,2379|263,2379|243,2378|241,2378|241,2422|228,2439|253,2455|251,2472|323,2472|343,2473|423,2473|443,2474|523,2474|543,2475|623,2475|643,2476|723,2476|743,2477|823,2477|843,2478|923,2478|943,2479|1023,2479|1043,2480|1063,2480|1083,2460|1103,2480|1123,2480|1143,2481|1223,2481|1243,2482|1323,2482|1343,2483|1423,2483|1443,2484|1523,2484|1543,2485|1623,2485|1643,2486|1723,2486|1743,2467|1763,2487|1823,2487|1843,2488|1916,2488|1914,2403|1935,2392|1923,2392|1903,2391|1803,2391|1783,2390|1663,2390|1643,2389|1543,2389|1523,2388|1443,2388|1423,2368 273-24|observing|to|take|up|all|the|Salt|which|the
1083,2460|1063,2480|1043,2480|1023,2479|943,2479|923,2478|843,2478|823,2477|743,2477|723,2476|643,2476|623,2475|543,2475|523,2474|443,2474|423,2473|343,2473|323,2472|251,2472|244,2523|256,2558|263,2558|283,2559|303,2567|323,2563|343,2561|363,2560|423,2560|443,2561|503,2561|523,2562|583,2562|603,2563|663,2563|683,2564|743,2564|763,2565|823,2565|843,2566|883,2566|903,2586|923,2567|983,2567|1003,2568|1043,2568|1063,2569|1123,2569|1143,2570|1183,2570|1203,2550|1223,2571|1283,2571|1303,2572|1363,2572|1383,2573|1443,2573|1463,2574|1523,2574|1543,2575|1603,2575|1623,2576|1683,2576|1703,2577|1763,2577|1783,2578|1843,2578|1863,2579|1923,2579|1943,2580|1953,2580|1917,2511|1916,2488|1843,2488|1823,2487|1763,2487|1743,2467|1723,2486|1643,2486|1623,2485|1543,2485|1523,2484|1443,2484|1423,2483|1343,2483|1323,2482|1243,2482|1223,2481|1143,2481|1123,2480|1103,2480|1083,2460 273-25|waggons|,|provided|by|the|commißsary|,|will|carry|.
1203,2550|1183,2570|1143,2570|1123,2569|1063,2569|1043,2568|1003,2568|983,2567|923,2567|903,2586|883,2566|843,2566|823,2565|763,2565|743,2564|683,2564|663,2563|603,2563|583,2562|523,2562|503,2561|443,2561|423,2560|363,2560|343,2561|323,2563|303,2567|283,2559|263,2558|256,2558|262,2574|265,2616|260,2635|263,2635|303,2635|323,2636|383,2636|403,2637|443,2637|463,2638|503,2638|523,2639|563,2639|583,2640|643,2640|663,2641|683,2621|703,2641|723,2642|763,2642|783,2643|823,2643|843,2644|883,2644|903,2664|923,2645|963,2645|983,2646|1023,2646|1043,2647|1083,2647|1103,2648|1163,2648|1183,2649|1223,2649|1243,2650|1283,2650|1303,2651|1343,2651|1363,2652|1423,2652|1443,2653|1483,2653|1503,2654|1543,2654|1563,2655|1603,2655|1623,2656|1683,2656|1703,2657|1743,2657|1763,2658|1803,2658|1823,2659|1883,2659|1903,2660|1943,2660|1961,2661|1969,2610|1953,2580|1943,2580|1923,2579|1863,2579|1843,2578|1783,2578|1763,2577|1703,2577|1683,2576|1623,2576|1603,2575|1543,2575|1523,2574|1463,2574|1443,2573|1383,2573|1363,2572|1303,2572|1283,2571|1223,2571|1203,2550 273-26|There|will|come|down|some|of|the|country|wag|-
683,2621|663,2641|643,2640|583,2640|563,2639|523,2639|503,2638|463,2638|443,2637|403,2637|383,2636|323,2636|303,2635|263,2635|260,2635|246,2685|231,2709|226,2737|249,2738|263,2724|283,2725|343,2725|363,2726|423,2726|443,2727|503,2727|523,2728|583,2728|603,2729|663,2729|683,2730|743,2730|763,2731|823,2731|843,2732|903,2732|923,2733|983,2733|1003,2734|1063,2734|1083,2735|1123,2735|1143,2736|1203,2736|1223,2737|1283,2737|1303,2738|1363,2738|1383,2739|1443,2739|1463,2740|1483,2740|1503,2760|1523,2740|1543,2741|1603,2741|1623,2742|1683,2742|1703,2743|1763,2743|1783,2744|1843,2744|1863,2745|1923,2745|1943,2746|1964,2746|1953,2716|1961,2661|1943,2660|1903,2660|1883,2659|1823,2659|1803,2658|1763,2658|1743,2657|1703,2657|1683,2656|1623,2656|1603,2655|1563,2655|1543,2654|1503,2654|1483,2653|1443,2653|1423,2652|1363,2652|1343,2651|1303,2651|1283,2650|1243,2650|1223,2649|1183,2649|1163,2648|1103,2648|1083,2647|1043,2647|1023,2646|983,2646|963,2645|923,2645|903,2664|883,2644|843,2644|823,2643|783,2643|763,2642|723,2642|703,2641|683,2621 273-27|gons|,|which|must|also|be|loaded|up|with|Salt|.
263,2724|249,2738|294,2740|289,2793|284,2808|303,2808|323,2809|363,2809|383,2810|403,2810|423,2790|443,2811|463,2811|483,2791|503,2812|543,2812|563,2813|603,2813|623,2814|663,2814|683,2815|723,2815|743,2816|783,2816|803,2817|843,2817|863,2818|923,2818|943,2819|983,2819|1003,2820|1043,2820|1063,2821|1103,2821|1123,2822|1163,2822|1183,2823|1203,2843|1223,2843|1243,2824|1283,2824|1303,2825|1343,2825|1363,2826|1403,2826|1423,2827|1463,2827|1483,2828|1523,2828|1543,2829|1583,2829|1603,2830|1643,2830|1663,2831|1723,2831|1743,2832|1783,2832|1803,2833|1843,2833|1863,2834|1903,2834|1923,2835|1948,2835|1947,2818|1980,2790|1964,2746|1943,2746|1923,2745|1863,2745|1843,2744|1783,2744|1763,2743|1703,2743|1683,2742|1623,2742|1603,2741|1543,2741|1523,2740|1503,2760|1483,2740|1463,2740|1443,2739|1383,2739|1363,2738|1303,2738|1283,2737|1223,2737|1203,2736|1143,2736|1123,2735|1083,2735|1063,2734|1003,2734|983,2733|923,2733|903,2732|843,2732|823,2731|763,2731|743,2730|683,2730|663,2729|603,2729|583,2728|523,2728|503,2727|443,2727|423,2726|363,2726|343,2725|283,2725|263,2724 273-28|As|there|is|some|clothing|wanting|to|complete
423,2790|403,2810|383,2810|363,2809|323,2809|303,2808|284,2808|276,2832|231,2857|234,2878|255,2887|254,2896|283,2896|303,2897|323,2897|343,2898|383,2898|403,2899|443,2899|463,2900|483,2900|503,2920|523,2921|543,2901|563,2902|603,2902|623,2903|663,2903|683,2904|723,2904|743,2905|763,2905|783,2906|823,2906|843,2907|883,2907|903,2888|923,2888|943,2908|963,2909|983,2909|1003,2910|1043,2910|1063,2911|1103,2911|1123,2912|1163,2912|1183,2913|1203,2913|1223,2914|1263,2914|1283,2915|1323,2915|1343,2916|1363,2896|1383,2896|1403,2897|1423,2917|1443,2918|1483,2918|1503,2919|1543,2919|1563,2920|1603,2920|1623,2921|1643,2921|1663,2922|1703,2922|1723,2923|1763,2923|1783,2924|1823,2924|1843,2925|1863,2925|1883,2926|1923,2926|1942,2927|1938,2925|1951,2878|1948,2835|1923,2835|1903,2834|1863,2834|1843,2833|1803,2833|1783,2832|1743,2832|1723,2831|1663,2831|1643,2830|1603,2830|1583,2829|1543,2829|1523,2828|1483,2828|1463,2827|1423,2827|1403,2826|1363,2826|1343,2825|1303,2825|1283,2824|1243,2824|1223,2843|1203,2843|1183,2823|1163,2822|1123,2822|1103,2821|1063,2821|1043,2820|1003,2820|983,2819|943,2819|923,2818|863,2818|843,2817|803,2817|783,2816|743,2816|723,2815|683,2815|663,2814|623,2814|603,2813|563,2813|543,2812|503,2812|483,2791|463,2811|443,2811|423,2790 273-29|the|Companies|at|Fort|Cumberland|,|you|are
903,2888|883,2907|843,2907|823,2906|783,2906|763,2905|743,2905|723,2904|683,2904|663,2903|623,2903|603,2902|563,2902|543,2901|523,2921|503,2920|483,2900|463,2900|443,2899|403,2899|383,2898|343,2898|323,2897|303,2897|283,2896|254,2896|252,2922|234,2961|249,2973|251,2983|263,2983|283,2984|303,2984|323,2985|343,2985|363,2986|403,2986|423,2987|443,2987|463,2988|503,2988|523,2989|543,2989|563,3010|583,2990|603,2991|643,2991|663,2992|683,2992|703,2993|723,2993|743,2994|783,2994|803,2995|823,2995|843,2996|863,2976|883,2996|903,2997|923,2997|943,2998|963,3018|983,2999|1023,2999|1043,3000|1063,3000|1083,3001|1103,3001|1123,3002|1163,3002|1183,3003|1203,3003|1223,3004|1263,3004|1283,3005|1303,3005|1323,3006|1343,3006|1363,3007|1403,3007|1423,3008|1443,3008|1463,3009|1483,3009|1503,3010|1543,3010|1563,3011|1583,3011|1603,3012|1643,3012|1663,3013|1683,3013|1703,3014|1723,3014|1743,3015|1783,3015|1803,3016|1823,3016|1843,3017|1863,3017|1883,3018|1923,3018|1943,3019|1947,3019|1948,3001|1986,2982|1984,2949|1942,2927|1923,2926|1883,2926|1863,2925|1843,2925|1823,2924|1783,2924|1763,2923|1723,2923|1703,2922|1663,2922|1643,2921|1623,2921|1603,2920|1563,2920|1543,2919|1503,2919|1483,2918|1443,2918|1423,2917|1403,2897|1383,2896|1363,2896|1343,2916|1323,2915|1283,2915|1263,2914|1223,2914|1203,2913|1183,2913|1163,2912|1123,2912|1103,2911|1063,2911|1043,2910|1003,2910|983,2909|963,2909|943,2908|923,2888 273-30|to|take|up|for|that|purpose|forty|Coats|,|thirty|-|nine
863,2976|843,2996|823,2995|803,2995|783,2994|743,2994|723,2993|703,2993|683,2992|663,2992|643,2991|603,2991|583,2990|563,3010|543,2989|523,2989|503,2988|463,2988|443,2987|423,2987|403,2986|363,2986|343,2985|323,2985|303,2984|283,2984|263,2983|251,2983|255,3010|232,3042|253,3051|255,3067|263,3067|283,3067|303,3068|323,3068|343,3069|363,3069|383,3050|403,3070|423,3071|443,3071|463,3072|483,3072|503,3073|543,3073|563,3074|583,3074|603,3075|623,3075|643,3076|663,3076|683,3077|703,3077|723,3078|743,3078|763,3079|783,3079|803,3080|823,3080|843,3081|863,3081|883,3082|923,3082|943,3063|963,3083|983,3084|1003,3084|1023,3085|1043,3085|1063,3086|1083,3086|1103,3087|1123,3087|1143,3088|1163,3088|1183,3089|1203,3089|1223,3090|1243,3090|1263,3091|1303,3091|1323,3092|1343,3092|1363,3073|1383,3093|1403,3094|1423,3094|1443,3095|1463,3075|1483,3096|1503,3096|1523,3097|1543,3097|1563,3098|1583,3098|1603,3099|1623,3099|1643,3100|1683,3100|1703,3101|1723,3101|1743,3109|1763,3105|1783,3103|1803,3103|1823,3104|1843,3104|1863,3105|1883,3105|1903,3086|1923,3086|1943,3107|1957,3107|1941,3087|1947,3019|1943,3019|1923,3018|1883,3018|1863,3017|1843,3017|1823,3016|1803,3016|1783,3015|1743,3015|1723,3014|1703,3014|1683,3013|1663,3013|1643,3012|1603,3012|1583,3011|1563,3011|1543,3010|1503,3010|1483,3009|1463,3009|1443,3008|1423,3008|1403,3007|1363,3007|1343,3006|1323,3006|1303,3005|1283,3005|1263,3004|1223,3004|1203,3003|1183,3003|1163,3002|1123,3002|1103,3001|1083,3001|1063,3000|1043,3000|1023,2999|983,2999|963,3018|943,2998|923,2997|903,2997|883,2996|863,2976 273-31|waistcoats|,|and|fifty|-|six|pair|of|Breeches|;|thirty|-
383,3050|363,3069|343,3069|323,3068|303,3068|283,3067|263,3067|255,3067|256,3081|255,3099|231,3121|267,3141|279,3169|301,3163|320,3154|323,3151|326,3151|348,3141|805,3147|823,3180|845,3180|863,3164|875,3164|889,3150|925,3151|933,3173|933,3174|999,3151|1177,3169|1461,3169|1480,3178|1483,3178|1503,3178|1504,3178|1537,3165|1719,3169|1978,3163|1980,3136|1957,3107|1943,3107|1923,3086|1903,3086|1883,3105|1863,3105|1843,3104|1823,3104|1803,3103|1783,3103|1763,3105|1743,3109|1723,3101|1703,3101|1683,3100|1643,3100|1623,3099|1603,3099|1583,3098|1563,3098|1543,3097|1523,3097|1503,3096|1483,3096|1463,3075|1443,3095|1423,3094|1403,3094|1383,3093|1363,3073|1343,3092|1323,3092|1303,3091|1263,3091|1243,3090|1223,3090|1203,3089|1183,3089|1163,3088|1143,3088|1123,3087|1103,3087|1083,3086|1063,3086|1043,3085|1023,3085|1003,3084|983,3084|963,3083|943,3063|923,3082|883,3082|863,3081|843,3081|823,3080|803,3080|783,3079|763,3079|743,3078|723,3078|703,3077|683,3077|663,3076|643,3076|623,3075|603,3075|583,3074|563,3074|543,3073|503,3073|483,3072|463,3072|443,3071|423,3071|403,3070|383,3050 273-32|eight|Hats|and|eighty|Shirts|;|which|you|are|to|have
