447,131|427,132|387,132|367,133|327,133|317,133|237,141|123,143|100,150|87,175|104,196|270,208|270,240|327,240|347,239|367,219|387,239|407,239|427,238|447,218|467,238|487,218|507,237|547,237|567,217|587,236|607,216|627,236|647,236|667,235|747,235|767,234|807,234|827,214|847,213|867,233|887,233|907,213|927,232|947,212|967,212|987,232|1007,211|1027,211|1047,231|1067,231|1087,230|1147,230|1167,229|1227,229|1247,208|1267,228|1327,228|1347,227|1407,227|1427,226|1487,226|1507,225|1547,225|1567,224|1647,224|1667,223|1727,223|1747,222|1807,222|1827,221|1907,221|1927,220|1940,220|1948,217|1951,204|1949,182|1826,138|1462,139|1154,132|937,154|753,143|451,131 278-01|278|.|Letters|,|Orders|and|Instructions|.|October|1755|.
1687,260|1667,273|1427,273|1407,274|767,274|747,275|258,275|212,295|194,378|291,384|502,382|490,406|507,406|527,386|867,386|887,385|1267,385|1287,384|1347,384|1367,404|1387,384|1407,384|1427,404|1447,404|1450,401|1452,392|1460,391|1467,384|1517,384|1638,369|1635,301|1750,273|1727,273|1707,272|1687,260 278-02|1st|.|To|Captain|John|Mercer|of|the
1287,384|1267,385|887,385|867,386|527,386|507,406|490,406|467,453|544,486|542,507|593,506|607,491|627,471|947,471|967,511|1007,511|1027,491|1047,491|1067,471|1107,471|1127,470|1421,470|1440,445|1450,401|1447,404|1427,404|1407,384|1387,384|1367,404|1347,384 278-03|Virginia|Regiment|.
1127,470|1107,471|1067,471|1047,491|1027,491|1007,511|967,511|947,471|627,471|607,491|593,506|700,503|646,585|647,586|667,608|687,600|707,592|727,588|747,557|1187,557|1207,596|1227,596|1247,576|1267,576|1287,556|1727,556|1747,555|1840,555|1838,532|1750,479|1418,474|1421,470 278-04|You|are|hereby|ordered|to|Ren|-
1747,555|1727,556|1287,556|1267,576|1247,576|1227,596|1207,596|1187,557|747,557|727,588|707,592|687,600|667,608|647,586|646,585|646,585|328,581|268,628|285,646|327,646|347,666|367,666|387,646|807,646|827,645|1327,645|1347,665|1367,665|1387,645|1547,645|1567,644|1607,644|1627,664|1667,664|1687,644|1707,644|1727,664|1747,664|1767,644|1814,644|1845,614|1840,555 278-05|dezvous|at|Alexandria|the|first|Day|of
1567,644|1547,645|1387,645|1367,665|1347,665|1327,645|827,645|807,646|387,646|367,666|347,666|327,646|285,646|292,654|262,710|274,718|275,730|367,730|387,731|647,731|667,732|927,732|947,733|1036,733|1037,729|1432,724|1446,742|1478,726|1752,705|1814,644|1767,644|1747,664|1727,664|1707,644|1687,644|1667,664|1627,664|1607,644 278-06|December|,|with|all|the|men|you|can
275,730|277,780|264,800|294,804|537,803|500,853|548,853|567,834|587,814|887,814|907,815|1687,815|1707,816|1723,816|1697,806|1020,803|1026,770|1036,733|947,733|927,732|667,732|647,731|387,731|367,730 278-07|raise|by|that|time|.
587,814|567,834|548,853|608,854|724,822|650,924|663,933|678,931|687,922|707,922|727,902|867,902|887,903|1127,903|1147,904|1167,904|1187,884|1247,884|1267,904|1387,904|1407,905|1647,905|1647,905|1708,902|1726,922|1754,919|1767,906|1788,906|1803,884|1801,846|1723,816|1707,816|1687,815|907,815|887,814 278-08|Given|&c.|at|Fredericksburg|,
1187,884|1167,904|1147,904|1127,903|887,903|867,902|727,902|707,922|687,922|678,931|716,925|680,964|735,973|1039,980|1087,980|1107,970|1127,972|1147,960|1167,980|1410,980|1424,916|1647,905|1647,905|1407,905|1387,904|1267,904|1247,884 278-09|November|1st|.|1755|.
1147,960|1127,972|1107,970|1087,980|1039,980|1082,981|1011,1039|1006,1064|1007,1064|1027,1066|1047,1072|1067,1064|1087,1064|1107,1066|1127,1068|1147,1070|1167,1074|1187,1076|1247,1076|1267,1078|1287,1080|1307,1080|1327,1074|1347,1062|1367,1060|1387,1064|1707,1064|1727,1080|1747,1084|1767,1064|1820,1064|1819,1044|1796,1014|1537,1002|1408,988|1410,980|1167,980|1147,960 278-10|G.W.|Aid|de|camp|.
1227,1136|1207,1142|1187,1144|1147,1144|1127,1150|1107,1148|275,1148|275,1206|263,1220|280,1228|280,1233|507,1233|527,1273|547,1253|567,1233|667,1233|687,1280|727,1280|747,1278|767,1266|787,1254|807,1233|1067,1233|1087,1234|1832,1234|1826,1194|1824,1148|1267,1148|1247,1136 278-11|N|.|B|.|Captain|Joshua|Lewis|is|allowed|to
280,1233|277,1276|258,1283|261,1301|280,1312|277,1340|307,1340|327,1341|407,1341|427,1342|527,1342|547,1343|565,1343|566,1321|1329,1324|1338,1343|1365,1339|1394,1320|1658,1315|1854,1312|1834,1244|1832,1234|1087,1234|1067,1233|807,1233|787,1254|767,1266|747,1278|727,1280|687,1280|667,1233|567,1233|547,1253|527,1273|507,1233 278-12|the|1st|.|of|December|,|to|Rendezvous|at|Alex|-
277,1340|274,1370|261,1390|272,1402|273,1413|407,1413|427,1414|560,1414|565,1343|547,1343|527,1342|427,1342|407,1341|327,1341|307,1340 278-13|andria|.
245,1472|217,1484|200,1508|180,1560|202,1571|704,1559|676,1594|717,1599|727,1589|747,1589|767,1590|787,1570|807,1590|827,1570|847,1590|867,1590|887,1570|907,1571|927,1591|947,1591|967,1611|987,1591|1027,1591|1047,1592|1167,1592|1187,1593|1207,1573|1247,1573|1267,1593|1307,1593|1327,1594|1427,1594|1447,1595|1467,1595|1487,1575|1495,1575|1329,1567|1338,1525|964,1479|556,1475|556,1473|347,1473|327,1472 278-14|1st|.|To|Mr|.|Boyd|,|Paymaster|.
787,1570|767,1590|747,1589|727,1589|717,1599|728,1600|688,1638|642,1657|727,1657|747,1658|887,1658|907,1659|1067,1659|1087,1660|1207,1660|1227,1680|1247,1681|1267,1661|1387,1661|1407,1662|1547,1662|1567,1663|1687,1663|1707,1683|1727,1684|1747,1664|1855,1664|1871,1638|1832,1584|1820,1584|1807,1597|1727,1597|1707,1596|1687,1596|1671,1580|1644,1579|1627,1596|1587,1596|1567,1595|1549,1577|1516,1576|1495,1575|1487,1575|1467,1595|1447,1595|1427,1594|1327,1594|1307,1593|1267,1593|1247,1573|1207,1573|1187,1593|1167,1592|1047,1592|1027,1591|987,1591|967,1611|947,1591|927,1591|907,1571|887,1570|867,1590|847,1590|827,1570|807,1590|787,1570 278-15|As|Colonel|Stephen|has|brought
342,1648|266,1706|268,1738|267,1755|427,1755|447,1756|767,1756|787,1757|987,1757|1007,1777|1027,1757|1107,1757|1127,1758|1187,1758|1207,1778|1227,1778|1247,1758|1267,1758|1287,1778|1327,1778|1347,1758|1447,1758|1467,1759|1727,1759|1747,1779|1767,1759|1787,1759|1807,1760|1822,1760|1831,1704|1855,1664|1747,1664|1727,1684|1707,1683|1687,1663|1567,1663|1547,1662|1407,1662|1387,1661|1267,1661|1247,1681|1227,1680|1207,1660|1087,1660|1067,1659|907,1659|887,1658|747,1658|727,1657|642,1657|616,1668|452,1656|427,1656|407,1655|367,1655|361,1649|342,1648 278-16|£1000|which|I|wrote|for|to|pay|off|the|Troops|,
267,1755|266,1804|257,1814|269,1823|268,1837|387,1837|407,1836|687,1836|707,1855|727,1875|747,1875|767,1855|787,1835|967,1835|987,1855|1007,1874|1027,1854|1047,1834|1227,1834|1247,1854|1287,1854|1307,1833|1587,1833|1607,1832|1813,1832|1812,1816|1822,1760|1807,1760|1787,1759|1767,1759|1747,1779|1727,1759|1467,1759|1447,1758|1347,1758|1327,1778|1287,1778|1267,1758|1247,1758|1227,1778|1207,1778|1187,1758|1127,1758|1107,1757|1027,1757|1007,1777|987,1757|787,1757|767,1756|447,1756|427,1755 278-17|it|will|save|you|a|journey|to|Williams|-
1607,1832|1587,1833|1307,1833|1287,1854|1247,1854|1227,1834|1047,1834|1027,1854|1007,1874|987,1855|967,1835|787,1835|767,1855|747,1875|727,1875|707,1855|687,1836|407,1836|387,1837|268,1837|264,1900|265,1926|327,1926|347,1946|387,1946|407,1926|527,1926|547,1925|967,1925|987,1904|1007,1924|1407,1924|1427,1923|1727,1923|1747,1943|1787,1943|1807,1923|1813,1923|1816,1893|1813,1832 278-18|burg|at|this|time|:|but|I|think|it|absolutely
987,1904|967,1925|547,1925|527,1926|407,1926|387,1946|347,1946|327,1926|265,1926|266,1971|251,1981|271,1996|270,2003|327,2003|347,2023|367,2044|387,2024|407,2024|427,2004|487,2004|507,2044|527,2044|547,2024|567,2044|587,2024|607,2004|627,2004|647,2005|727,2005|747,2046|767,2044|787,2032|807,2022|827,2005|847,2025|867,2005|907,2005|927,2006|1167,2006|1187,2007|1287,2007|1307,2027|1327,2007|1407,2007|1427,2027|1447,2027|1467,2008|1487,2008|1507,2048|1527,2028|1547,2028|1567,2008|1587,2028|1627,2028|1647,2008|1727,2008|1747,2009|1806,2009|1804,2002|1813,1923|1807,1923|1787,1943|1747,1943|1727,1923|1427,1923|1407,1924|1007,1924|987,1904 278-19|neceßsary|that|you|should|,|after|paying|the
270,2003|266,2030|255,2048|265,2061|263,2082|264,2088|267,2088|287,2089|347,2089|367,2109|407,2109|427,2089|467,2089|487,2090|567,2090|587,2130|607,2130|627,2110|647,2110|667,2091|847,2091|867,2092|887,2112|947,2112|967,2092|1027,2092|1047,2093|1227,2093|1247,2094|1327,2094|1347,2134|1387,2134|1407,2114|1427,2095|1547,2095|1567,2115|1587,2095|1607,2095|1627,2096|1647,2096|1667,2116|1687,2096|1747,2096|1767,2116|1787,2096|1807,2097|1808,2097|1822,2056|1806,2009|1747,2009|1727,2008|1647,2008|1627,2028|1587,2028|1567,2008|1547,2028|1527,2028|1507,2048|1487,2008|1467,2008|1447,2027|1427,2027|1407,2007|1327,2007|1307,2027|1287,2007|1187,2007|1167,2006|927,2006|907,2005|867,2005|847,2025|827,2005|807,2022|787,2032|767,2044|747,2046|727,2005|647,2005|627,2004|607,2004|587,2024|567,2044|547,2024|527,2044|507,2044|487,2004|427,2004|407,2024|387,2024|367,2044|347,2023|327,2003 278-20|Troops|in|Garrison|,|go|into|Augusta|,|to|pay
264,2088|268,2142|254,2157|265,2168|261,2186|261,2195|267,2201|307,2201|327,2181|347,2182|427,2182|447,2202|467,2182|587,2182|607,2183|747,2183|767,2203|787,2203|807,2183|827,2223|847,2183|867,2184|1047,2184|1067,2204|1087,2204|1107,2184|1127,2185|1187,2185|1207,2225|1227,2205|1247,2205|1267,2185|1367,2185|1387,2186|1607,2186|1627,2166|1647,2167|1667,2187|1817,2187|1788,2166|1796,2134|1808,2097|1807,2097|1787,2096|1767,2116|1747,2096|1687,2096|1667,2116|1647,2096|1627,2096|1607,2095|1587,2095|1567,2115|1547,2095|1427,2095|1407,2114|1387,2134|1347,2134|1327,2094|1247,2094|1227,2093|1047,2093|1027,2092|967,2092|947,2112|887,2112|867,2092|847,2091|667,2091|647,2110|627,2110|607,2130|587,2130|567,2090|487,2090|467,2089|427,2089|407,2109|367,2109|347,2089|287,2089|267,2088 278-21|off|Captain|Hoggs|Company|,|which|is|now
1627,2166|1607,2186|1387,2186|1367,2185|1267,2185|1247,2205|1227,2205|1207,2225|1187,2185|1127,2185|1107,2184|1087,2204|1067,2204|1047,2184|867,2184|847,2183|827,2223|807,2183|787,2203|767,2203|747,2183|607,2183|587,2182|467,2182|447,2202|427,2182|347,2182|327,2181|307,2201|267,2201|261,2195|261,2224|248,2236|262,2246|262,2252|327,2252|347,2253|367,2293|387,2273|407,2253|547,2253|567,2273|587,2254|687,2254|707,2250|727,2256|747,2256|767,2274|787,2276|807,2278|847,2278|867,2302|887,2302|907,2292|927,2275|947,2255|1067,2255|1087,2256|1307,2256|1327,2257|1547,2257|1567,2258|1767,2258|1787,2278|1807,2278|1827,2279|1847,2279|1859,2267|1870,2226|1817,2187|1667,2187|1647,2167|1627,2166 278-22|complete|;|unleßs|you|can|send|the|money
707,2250|687,2254|587,2254|567,2273|547,2253|407,2253|387,2273|367,2293|347,2253|327,2252|262,2252|260,2308|246,2320|264,2332|257,2356|257,2365|287,2365|307,2345|1047,2345|1067,2365|1087,2345|1487,2345|1507,2365|1527,2365|1547,2345|1824,2345|1849,2306|1859,2267|1859,2267|1847,2279|1827,2279|1807,2278|1787,2278|1767,2258|1567,2258|1547,2257|1327,2257|1307,2256|1087,2256|1067,2255|947,2255|927,2275|907,2292|887,2302|867,2302|847,2278|807,2278|787,2276|767,2274|747,2256|727,2256|707,2250 278-23|by|Mr|.|McClenachan|,|or|some|safe|hand
307,2345|287,2365|257,2365|258,2396|248,2408|245,2440|256,2455|267,2444|287,2424|987,2424|1007,2423|1487,2423|1507,2443|1527,2423|1822,2423|1804,2377|1824,2345|1547,2345|1527,2365|1507,2365|1487,2345|1087,2345|1067,2365|1047,2345 278-24|from|hence|.|The|Recruits|at|Fort
1007,2423|987,2424|287,2424|267,2444|256,2455|262,2462|255,2480|245,2498|259,2510|259,2516|987,2516|1007,2536|1027,2536|1047,2516|1227,2516|1247,2535|1267,2515|1287,2535|1307,2515|1667,2515|1687,2535|1707,2535|1727,2515|1864,2515|1846,2484|1822,2423|1527,2423|1507,2443|1487,2423 278-25|Cumberland|are|all|paid|off|to|the|1st|.|of|Oc|-
1267,2515|1247,2535|1227,2516|1047,2516|1027,2536|1007,2536|987,2516|259,2516|257,2565|246,2581|259,2588|258,2604|467,2604|487,2624|507,2624|527,2644|547,2604|1007,2604|1027,2624|1047,2604|1367,2604|1387,2644|1427,2644|1447,2624|1467,2604|1487,2604|1507,2603|1871,2603|1897,2572|1864,2515|1727,2515|1707,2535|1687,2535|1667,2515|1307,2515|1287,2535|1267,2515 278-26|tober|as|private|men|,|there|being|no|distinc|-
1507,2603|1487,2604|1467,2604|1447,2624|1427,2644|1387,2644|1367,2604|1047,2604|1027,2624|1007,2604|547,2604|527,2644|507,2624|487,2624|467,2604|258,2604|256,2655|250,2670|252,2687|487,2687|507,2667|527,2687|1227,2687|1247,2688|1527,2688|1547,2728|1587,2728|1607,2708|1627,2688|1767,2688|1787,2708|1807,2688|1824,2688|1836,2644|1871,2603 278-27|tion|made|between|them|and|Sergeants|,
507,2667|487,2687|252,2687|256,2727|250,2743|258,2756|350,2771|487,2771|507,2772|627,2772|647,2812|667,2792|687,2772|707,2812|727,2812|747,2792|767,2772|787,2752|807,2772|907,2772|927,2773|1067,2773|1087,2813|1107,2813|1127,2793|1147,2793|1167,2773|1307,2773|1327,2814|1347,2814|1367,2794|1387,2794|1407,2774|1447,2774|1467,2794|1527,2794|1547,2774|1727,2774|1747,2775|1823,2775|1810,2739|1824,2688|1807,2688|1787,2708|1767,2688|1627,2688|1607,2708|1587,2728|1547,2728|1527,2688|1247,2688|1227,2687|527,2687|507,2667 278-28|none|having|yet|been|regularly|appointed|.
787,2752|767,2772|747,2792|727,2812|707,2812|687,2772|667,2792|647,2812|627,2772|507,2772|487,2771|350,2771|356,2772|282,2838|276,2860|527,2860|547,2861|767,2861|787,2881|807,2881|827,2861|847,2861|867,2841|887,2861|967,2861|987,2862|1047,2862|1067,2842|1087,2862|1167,2862|1187,2902|1227,2902|1247,2882|1267,2882|1287,2862|1387,2862|1407,2902|1427,2882|1447,2883|1467,2863|1806,2863|1842,2829|1823,2775|1747,2775|1727,2774|1547,2774|1527,2794|1467,2794|1447,2774|1407,2774|1387,2794|1367,2794|1347,2814|1327,2814|1307,2773|1167,2773|1147,2793|1127,2793|1107,2813|1087,2813|1067,2773|927,2773|907,2772|807,2772|787,2752 278-29|Colonel|Stephen|will|give|you|an|ac|-
867,2841|847,2861|827,2861|807,2881|787,2881|767,2861|547,2861|527,2860|276,2860|264,2902|247,2912|243,2920|257,2936|305,2942|302,2946|307,2946|327,2926|347,2946|467,2946|487,2966|507,2967|527,2967|547,2947|647,2947|667,2927|687,2947|707,2947|727,2948|907,2948|927,2949|1067,2949|1087,2969|1107,2969|1127,2950|1187,2950|1207,2930|1227,2950|1327,2950|1347,2931|1367,2931|1387,2951|1407,2931|1427,2951|1527,2951|1547,2952|1727,2952|1747,2953|1766,2953|1757,2910|1806,2863|1467,2863|1447,2883|1427,2882|1407,2902|1387,2862|1287,2862|1267,2882|1247,2882|1227,2902|1187,2902|1167,2862|1087,2862|1067,2842|1047,2862|987,2862|967,2861|887,2861|867,2841 278-30|count|of|those|he|has|paid|,|and|how|-
327,2926|307,2946|302,2946|250,3001|255,3024|254,3029|267,3029|287,3049|307,3049|327,3029|367,3029|387,3030|407,3030|427,3010|447,3070|487,3070|507,3030|647,3030|667,3031|927,3031|947,3032|1207,3032|1227,3064|1247,3064|1267,3060|1287,3054|1307,3033|1487,3033|1507,3054|1527,3054|1547,3034|1587,3034|1607,3054|1627,3054|1647,3034|1787,3034|1807,3035|1815,3035|1768,3010|1774,2991|1766,2953|1747,2953|1727,2952|1547,2952|1527,2951|1427,2951|1407,2931|1387,2951|1367,2931|1347,2931|1327,2950|1227,2950|1207,2930|1187,2950|1127,2950|1107,2969|1087,2969|1067,2949|927,2949|907,2948|727,2948|707,2947|687,2947|667,2927|647,2947|547,2947|527,2967|507,2967|487,2966|467,2946|347,2946|327,2926 278-31|If|any|have|received|Sergeants|pay|,|it
427,3010|407,3030|387,3030|367,3029|327,3029|307,3049|287,3049|267,3029|254,3029|246,3090|258,3106|880,3104|1176,3102|1176,3120|1178,3122|1213,3124|1227,3113|1267,3113|1287,3129|1290,3129|1307,3129|1327,3113|1353,3113|1386,3101|1866,3105|1866,3069|1824,3040|1815,3035|1807,3035|1787,3034|1647,3034|1627,3054|1607,3054|1587,3034|1547,3034|1527,3054|1507,3054|1487,3033|1307,3033|1287,3054|1267,3060|1247,3064|1227,3064|1207,3032|947,3032|927,3031|667,3031|647,3030|507,3030|487,3070|447,3070|427,3010 278-32|must|be|deducted|next|payment|:|as|also
