1760,61|1706,99|1705,136|1711,137|1731,133|1831,133|1851,137|1941,137|1908,84|1850,63|1811,63|1791,61 307-01|p|.|307|.
312,86|278,93|274,95|187,191|186,203|191,203|231,203|251,204|291,204|311,205|331,185|351,205|371,206|411,206|431,207|471,207|491,208|551,208|571,209|611,209|631,210|671,210|691,211|731,211|751,212|791,212|811,213|851,213|871,214|911,214|931,215|991,215|1011,216|1051,216|1071,217|1111,217|1131,218|1171,218|1191,219|1231,219|1251,220|1271,220|1291,215|1331,215|1351,217|1471,217|1491,219|1871,219|1881,220|1963,220|1966,178|1941,137|1851,137|1831,133|1731,133|1711,137|1705,136|1705,144|1383,136|1103,117|669,124|370,127|312,86 307-02|Letters|Orders|and|Instructions|.|December|1755|.
1691,257|1671,261|1631,261|1611,267|1591,279|1451,279|1431,277|1251,277|1231,293|1151,293|1131,291|804,291|700,362|704,384|711,384|731,383|831,383|851,382|931,382|951,381|1051,381|1071,380|1171,380|1191,379|1271,379|1291,378|1391,378|1411,377|1491,377|1511,376|1611,376|1631,375|1731,375|1751,374|1771,394|1811,394|1831,374|1851,373|1904,373|1845,323|1795,301|1791,301|1771,299|1751,297|1731,293|1717,268|1699,260|1699,257 307-03|10th|.|Alexandria|December|10th|.|1755
1851,373|1831,374|1811,394|1771,394|1751,374|1731,375|1631,375|1611,376|1511,376|1491,377|1411,377|1391,378|1291,378|1271,379|1191,379|1171,380|1071,380|1051,381|951,381|931,382|851,382|831,383|731,383|711,384|704,384|723,478|851,478|871,477|891,497|951,497|971,477|1251,477|1271,476|1651,476|1671,475|1946,475|1938,402|1904,373 307-04|A|Sergeant|and|twelve|men|,|to|be
1671,475|1651,476|1271,476|1251,477|971,477|951,497|891,497|871,477|851,478|723,478|727,496|559,491|263,497|219,538|211,579|251,579|271,578|471,578|487,577|487,570|542,577|691,577|711,576|891,576|911,575|1111,575|1131,574|1271,574|1274,577|1308,577|1311,574|1331,574|1351,573|1374,573|1953,536|1946,475 307-05|in|readineßs|to|escort|a|waggon|up|to|Winchester|to|-
487,577|471,578|271,578|251,579|211,579|201,629|190,649|371,649|391,648|487,648|487,577 307-06|morrow|.
142,683|124,686|111,691|99,698|60,796|188,795|407,846|424,845|431,838|528,838|784,821|772,837|871,837|891,836|1151,836|1171,835|1351,835|1371,855|1391,835|1431,835|1451,834|1711,834|1731,833|1923,833|1929,806|1957,773|1944,742|1733,731|1731,731|1728,731|1695,729|1551,729|1541,728|1393,727|1331,727|1327,727|1285,726|1271,729|1251,733|1111,733|1091,731|671,731|651,729|611,729|591,727|431,727|411,729|371,729|351,727|331,727|311,725|271,725|251,721|231,721|211,719|191,715|171,687|151,683 307-07|11th|.|To|Sergeant|Campbell|,|of|the|Virginia|Regiment|.
1731,833|1711,834|1451,834|1431,835|1391,835|1371,855|1351,835|1171,835|1151,836|891,836|871,837|772,837|703,930|711,945|751,945|771,925|791,905|831,905|851,904|1031,904|1051,903|1091,903|1111,923|1151,923|1171,903|1231,903|1251,902|1431,902|1451,941|1471,921|1491,921|1511,901|1611,901|1631,921|1651,900|1731,900|1751,920|1771,920|1791,900|1831,900|1851,899|1926,899|1913,877|1923,833 307-08|You|are|to|be|particularly|careful|of|the
1851,899|1831,900|1791,900|1771,920|1751,920|1731,900|1651,900|1631,921|1611,901|1511,901|1491,921|1471,921|1451,941|1431,902|1251,902|1231,903|1171,903|1151,923|1111,923|1091,903|1051,903|1031,904|851,904|831,905|791,905|771,925|751,945|711,945|703,930|695,941|509,926|233,931|206,976|206,994|231,994|251,993|271,1013|291,1033|311,1013|351,1013|371,993|431,993|451,992|631,992|651,991|731,991|751,1031|771,1031|791,1011|811,991|831,991|851,990|1031,990|1051,989|1071,999|1091,1003|1111,999|1131,995|1191,995|1211,989|1231,989|1251,988|1431,988|1451,987|1631,987|1651,986|1831,986|1851,985|1957,985|1958,976|1960,954|1926,899 307-09|waggons|&c.|under|your|charge|,|and|are|to|see|that|centi|-
1851,985|1831,986|1651,986|1631,987|1451,987|1431,988|1251,988|1231,989|1211,989|1191,995|1131,995|1111,999|1091,1003|1071,999|1051,989|1031,990|851,990|831,991|811,991|791,1011|771,1031|751,1031|731,991|651,991|631,992|451,992|431,993|371,993|351,1013|311,1013|291,1033|271,1013|251,993|231,994|206,994|204,1071|211,1071|331,1071|351,1070|491,1070|511,1069|531,1089|551,1089|571,1069|631,1069|651,1068|771,1068|791,1067|931,1067|951,1066|1011,1066|1031,1086|1051,1086|1071,1081|1111,1081|1131,1083|1151,1107|1171,1103|1191,1093|1211,1095|1231,1097|1251,1099|1291,1099|1311,1083|1331,1073|1351,1069|1371,1065|1411,1065|1431,1063|1471,1063|1491,1083|1511,1083|1531,1062|1651,1062|1671,1061|1811,1061|1831,1060|1951,1060|1952,1060|1957,985 307-10|nels|are|kept|over|them|.|If|any|just|complaint|is|made
1952,1060|1951,1060|1831,1060|1811,1061|1671,1061|1651,1062|1531,1062|1511,1083|1491,1083|1471,1063|1431,1063|1411,1065|1371,1065|1351,1069|1331,1073|1311,1083|1291,1099|1251,1099|1231,1097|1211,1095|1191,1093|1171,1103|1151,1107|1131,1083|1111,1081|1071,1081|1051,1086|1031,1086|1011,1066|951,1066|931,1067|791,1067|771,1068|651,1068|631,1069|571,1069|551,1089|531,1089|511,1069|491,1070|351,1070|331,1071|211,1071|204,1071|203,1116|202,1171|211,1180|231,1180|251,1160|311,1160|331,1159|451,1159|471,1158|591,1158|611,1157|731,1157|751,1156|871,1156|891,1155|911,1175|931,1155|1011,1155|1031,1154|1051,1174|1071,1174|1091,1154|1131,1154|1151,1174|1171,1173|1191,1173|1211,1153|1291,1153|1311,1152|1391,1152|1411,1172|1431,1172|1451,1171|1471,1151|1571,1151|1591,1150|1711,1150|1731,1149|1851,1149|1871,1148|1956,1148|1950,1087|1952,1060 307-11|of|the|misbehaviour|of|the|party|under|your|command|,
1871,1148|1851,1149|1731,1149|1711,1150|1591,1150|1571,1151|1471,1151|1451,1171|1431,1172|1411,1172|1391,1152|1311,1152|1291,1153|1211,1153|1191,1173|1171,1173|1151,1174|1131,1154|1091,1154|1071,1174|1051,1174|1031,1154|1011,1155|931,1155|911,1175|891,1155|871,1156|751,1156|731,1157|611,1157|591,1158|471,1158|451,1159|331,1159|311,1160|251,1160|231,1180|211,1180|202,1171|199,1257|211,1269|231,1269|251,1249|711,1249|731,1248|811,1248|831,1288|851,1288|871,1268|891,1248|1211,1248|1231,1268|1251,1248|1371,1248|1391,1247|1531,1247|1551,1267|1571,1267|1591,1247|1958,1247|1963,1211|1956,1148 307-12|upon|their|march|,|you|will|be|punished|by|a|Court|Mar|-
1391,1247|1371,1248|1251,1248|1231,1268|1211,1248|891,1248|871,1268|851,1288|831,1288|811,1248|731,1248|711,1249|251,1249|231,1269|211,1269|199,1257|198,1326|371,1326|391,1346|411,1341|431,1341|451,1366|471,1366|491,1346|511,1326|591,1326|611,1327|1151,1327|1171,1328|1311,1328|1331,1348|1411,1348|1431,1328|1711,1328|1731,1329|1953,1329|1951,1294|1958,1247|1591,1247|1571,1267|1551,1267|1531,1247 307-13|tial|-|.|you|are|to|see|that|the|waggoners|do|not|loiter
198,1326|195,1410|631,1410|651,1409|751,1409|771,1429|791,1429|811,1409|1231,1409|1251,1408|1651,1408|1671,1428|1711,1428|1731,1408|1831,1408|1851,1407|1956,1407|1953,1329|1731,1329|1711,1328|1431,1328|1411,1348|1331,1348|1311,1328|1171,1328|1151,1327|611,1327|591,1326|511,1326|491,1346|471,1366|451,1366|431,1341|411,1341|391,1346|371,1326 307-14|or|idle|their|time|;|but|make|the|utmost|dispatch|to
1851,1407|1831,1408|1731,1408|1711,1428|1671,1428|1651,1408|1251,1408|1231,1409|811,1409|791,1429|771,1429|751,1409|651,1409|631,1410|195,1410|194,1464|194,1500|651,1500|671,1501|911,1501|931,1541|951,1541|971,1521|991,1501|1271,1501|1291,1502|1771,1502|1791,1522|1811,1502|1831,1502|1851,1522|1871,1502|1891,1503|1955,1503|1959,1473|1956,1407 307-15|Winchester|.|So|soon|as|you|arrive|at|Winchester|,|you
194,1500|193,1588|411,1588|431,1589|771,1589|791,1590|891,1590|911,1610|951,1610|971,1590|1131,1590|1151,1591|1431,1591|1445,1605|1475,1607|1491,1591|1511,1592|1551,1592|1571,1612|1591,1612|1611,1592|1797,1592|1826,1589|1946,1566|1955,1503|1891,1503|1871,1502|1851,1522|1831,1502|1811,1502|1791,1522|1771,1502|1291,1502|1271,1501|991,1501|971,1521|951,1541|931,1541|911,1501|671,1501|651,1500 307-16|are|to|deliver|the|things|to|the|Commißsary|there|,|and
193,1588|193,1669|781,1675|778,1680|811,1680|831,1660|851,1700|871,1700|891,1680|1591,1680|1611,1679|1902,1679|1884,1677|1263,1671|1272,1594|1445,1605|1431,1591|1151,1591|1131,1590|971,1590|951,1610|911,1610|891,1590|791,1590|771,1589|431,1589|411,1588 307-17|are|to|take|his|receipt|for|them|.
831,1660|811,1680|778,1680|704,1787|711,1801|731,1802|751,1782|771,1767|791,1757|811,1751|831,1739|851,1739|871,1741|911,1741|931,1743|951,1747|971,1749|991,1749|1011,1753|1031,1755|1171,1755|1191,1757|1531,1757|1531,1757|1540,1757|1942,1743|1930,1682|1902,1679|1611,1679|1591,1680|891,1680|871,1700|851,1700|831,1660 307-18|Given|at|Alexandria|,|&c.|December
831,1739|811,1751|791,1757|771,1767|751,1782|731,1802|711,1801|704,1787|698,1796|774,1838|1207,1826|1211,1823|1251,1823|1271,1843|1416,1843|1247,1812|1017,1813|1014,1758|1531,1757|1531,1757|1191,1757|1171,1755|1031,1755|1011,1753|991,1749|971,1749|951,1747|931,1743|911,1741|871,1741|851,1739 307-19|11th|.|1755|.
1211,1823|1207,1826|1221,1826|1156,1884|1160,1923|1191,1923|1211,1913|1251,1913|1271,1923|1491,1923|1511,1933|1531,1923|1711,1923|1731,1933|1742,1938|1861,1924|1845,1874|1443,1848|1416,1843|1271,1843|1251,1823 307-20|G.W.|aid|de|camp|.
111,1987|91,1997|51,2071|58,2106|778,2106|769,2117|771,2117|791,2097|851,2097|871,2117|891,2117|911,2118|931,2138|951,2118|1191,2118|1211,2119|1471,2119|1491,2120|1751,2120|1771,2101|1791,2101|1811,2121|1956,2121|1673,2085|1685,2009|1531,2009|1511,2007|1471,2007|1451,2005|1431,2001|1371,2001|1351,2005|1231,2005|1211,2003|1171,2003|1151,2001|1091,2001|1071,1999|951,1999|931,1997|911,1997|891,1995|831,1995|811,1999|791,2007|251,2007|231,2003|211,1997|191,1993|171,1991|151,1991|131,1987 307-21|16th|.|To|Captains|'|Savage|and|Mc|.|Kenzie
791,2097|771,2117|769,2117|716,2180|712,2180|731,2233|751,2221|771,2221|791,2217|811,2198|831,2179|1211,2179|1231,2180|1591,2180|1611,2181|1956,2181|1956,2121|1811,2121|1791,2101|1771,2101|1751,2120|1491,2120|1471,2119|1211,2119|1191,2118|951,2118|931,2138|911,2118|891,2117|871,2117|851,2097 307-22|You|are|ordered|to|remain|here|with
831,2179|811,2198|791,2217|771,2221|751,2221|731,2233|712,2180|443,2189|200,2234|169,2303|182,2320|191,2320|211,2300|231,2280|411,2280|431,2260|451,2280|1271,2280|1291,2281|1949,2281|1956,2247|1956,2181|1611,2181|1591,2180|1231,2180|1211,2179 307-23|your|Recruits|until|further|orders|.|So|soon|as|you|ar|-
431,2260|411,2280|231,2280|211,2300|191,2320|182,2320|201,2345|201,2355|331,2355|351,2356|491,2356|511,2376|531,2396|551,2376|571,2376|591,2356|631,2356|651,2357|931,2357|951,2358|1231,2358|1251,2359|1311,2359|1331,2339|1351,2359|1531,2359|1551,2360|1811,2360|1831,2361|1851,2361|1871,2381|1891,2361|1903,2361|1940,2326|1949,2281|1291,2281|1271,2280|451,2280|431,2260 307-24|rive|here|,|your|men|will|be|supplied|with|Clothes|by
1331,2339|1311,2359|1251,2359|1231,2358|951,2358|931,2357|651,2357|631,2356|591,2356|571,2376|551,2376|531,2396|511,2376|491,2356|351,2356|331,2355|201,2355|198,2422|194,2451|291,2451|311,2452|411,2452|431,2472|451,2452|471,2472|491,2452|531,2452|551,2453|671,2453|691,2473|731,2473|751,2453|791,2453|811,2454|991,2454|1011,2474|1031,2454|1051,2455|1271,2455|1291,2456|1371,2456|1391,2476|1411,2456|1531,2456|1551,2457|1771,2457|1791,2458|1908,2458|1896,2368|1903,2361|1891,2361|1871,2381|1851,2361|1831,2361|1811,2360|1551,2360|1531,2359|1351,2359|1331,2339 307-25|applying|to|Major|Carlyle|.|If|any|of|your|men
194,2451|183,2535|691,2535|711,2555|731,2555|751,2535|1231,2535|1251,2536|1935,2536|1913,2496|1908,2458|1791,2458|1771,2457|1551,2457|1531,2456|1411,2456|1391,2476|1371,2456|1291,2456|1271,2455|1051,2455|1031,2454|1011,2474|991,2454|811,2454|791,2453|751,2453|731,2473|691,2473|671,2453|551,2453|531,2452|491,2452|471,2472|451,2452|431,2472|411,2452|311,2452|291,2451 307-26|should|desert|,|you|are|to|use|your|utmost|dili|-
183,2535|173,2608|175,2630|191,2630|211,2610|491,2610|511,2630|531,2630|551,2610|651,2610|671,2611|751,2611|771,2631|811,2631|831,2611|1011,2611|1031,2591|1051,2611|1091,2611|1111,2631|1171,2631|1191,2611|1251,2611|1271,2612|1511,2612|1531,2632|1551,2612|1811,2612|1831,2632|1851,2612|1871,2613|1947,2613|1962,2586|1935,2536|1251,2536|1231,2535|751,2535|731,2555|711,2555|691,2535 307-27|gence|in|pursuing|and|apprehending|them|,|by|im|-
1031,2591|1011,2611|831,2611|811,2631|771,2631|751,2611|671,2611|651,2610|551,2610|531,2630|511,2630|491,2610|211,2610|191,2630|175,2630|177,2662|198,2696|491,2696|511,2716|551,2716|571,2696|591,2696|611,2716|631,2736|671,2736|691,2716|711,2716|731,2696|931,2696|949,2714|998,2710|1044,2703|1051,2696|1089,2696|1109,2693|1168,2696|1471,2696|1486,2712|1503,2713|1515,2713|1531,2697|1611,2697|1627,2713|1635,2713|1651,2697|1751,2697|1767,2713|1795,2713|1811,2697|1844,2697|1917,2666|1947,2613|1871,2613|1851,2612|1831,2632|1811,2612|1551,2612|1531,2632|1511,2612|1271,2612|1251,2611|1191,2611|1171,2631|1111,2631|1091,2611|1051,2611|1031,2591 307-28|mediately|advertising|,|and|sending|a|party|or
198,2696|213,2719|185,2749|187,2779|168,2798|170,2800|211,2801|231,2781|491,2781|511,2802|531,2802|551,2782|931,2782|951,2783|1111,2783|1116,2778|894,2769|897,2719|949,2714|931,2696|731,2696|711,2716|691,2716|671,2736|631,2736|611,2716|591,2696|571,2696|551,2716|511,2716|491,2696 307-29|parties|after|them|.
1116,2778|1111,2783|951,2783|931,2782|551,2782|531,2802|511,2802|491,2781|231,2781|211,2801|415,2805|507,2805|474,2847|473,2862|731,2862|751,2863|1411,2863|1431,2864|1715,2864|1721,2804|1225,2783|1151,2783|1148,2780|1116,2778 307-30|Alexandria|:|December|16|,|1755|.
115,2898|62,2915|65,3025|354,3026|348,3032|351,3032|371,3033|391,3053|451,3053|471,3033|491,3033|511,3034|651,3034|671,3035|791,3035|811,3036|951,3036|971,3037|1091,3037|1111,3038|1251,3038|1271,3039|1391,3039|1411,3040|1551,3040|1571,3041|1591,3061|1611,3061|1631,3041|1691,3041|1711,3042|1811,3042|1794,3037|1792,2972|1706,2946|1706,2942|1591,2942|1571,2941|1431,2941|1411,2940|1251,2940|1231,2939|1211,2945|1191,2943|1051,2943|1031,2941|1011,2937|971,2937|951,2935|891,2935|871,2933|851,2931|791,2931|771,2935|651,2935|631,2933|611,2929|591,2923|571,2923|551,2921|291,2921|271,2925|171,2925|151,2919|131,2911|115,2898 307-31|16th|.|To|Ensign|Buckner|.|Quarter|Master|to|the|Virginia
348,3032|318,3063|306,3102|375,3130|380,3130|409,3119|411,3118|412,3118|453,3103|1247,3110|1958,3108|1961,3087|1811,3042|1711,3042|1691,3041|1631,3041|1611,3061|1591,3061|1571,3041|1551,3040|1411,3040|1391,3039|1271,3039|1251,3038|1111,3038|1091,3037|971,3037|951,3036|811,3036|791,3035|671,3035|651,3034|511,3034|491,3033|471,3033|451,3053|391,3053|371,3033|351,3032 307-32|Regiment|.|-|The|Recruits|now|in|this|town|are|to|re|-
