1760,61|1706,99|1705,136|1711,137|1731,133|1831,133|1851,137|1941,137|1908,84|1850,63|1811,63|1791,61 307_half-01|p.|307.
312,86|278,93|274,95|187,191|186,203|191,203|231,203|251,204|291,204|311,205|331,185|351,205|371,206|411,206|431,207|471,207|491,208|551,208|571,209|611,209|631,210|671,210|691,211|731,211|751,212|791,212|811,213|851,213|871,214|911,214|931,215|991,215|1011,216|1051,216|1071,217|1111,217|1131,218|1171,218|1191,219|1231,219|1251,220|1271,220|1291,215|1331,215|1351,217|1471,217|1491,219|1871,219|1881,220|1963,220|1966,178|1941,137|1851,137|1831,133|1731,133|1711,137|1705,136|1705,144|1383,136|1103,117|669,124|370,127|312,86 307_half-02|Letters|Orders|and|Instructions.|December|1755.
1691,257|1671,261|1631,261|1611,267|1591,279|1451,279|1431,277|1251,277|1231,293|1151,293|1131,291|804,291|700,362|704,384|711,384|731,383|831,383|851,382|931,382|951,381|1051,381|1071,380|1171,380|1191,379|1271,379|1291,378|1391,378|1411,377|1491,377|1511,376|1611,376|1631,375|1731,375|1751,374|1771,394|1811,394|1831,374|1851,373|1904,373|1845,323|1795,301|1791,301|1771,299|1751,297|1731,293|1717,268|1699,260|1699,257 307_half-03|10th.|Alexandria|December|10th.|1755
1851,373|1831,374|1811,394|1771,394|1751,374|1731,375|1631,375|1611,376|1511,376|1491,377|1411,377|1391,378|1291,378|1271,379|1191,379|1171,380|1071,380|1051,381|951,381|931,382|851,382|831,383|731,383|711,384|704,384|723,478|851,478|871,477|891,497|951,497|971,477|1251,477|1271,476|1651,476|1671,475|1946,475|1938,402|1904,373 307_half-04|A|Sergeant|and|twelve|men,|to|be
1671,475|1651,476|1271,476|1251,477|971,477|951,497|891,497|871,477|851,478|723,478|727,496|559,491|263,497|219,538|211,579|251,579|271,578|471,578|487,577|487,570|542,577|691,577|711,576|891,576|911,575|1111,575|1131,574|1271,574|1274,577|1308,577|1311,574|1331,574|1351,573|1374,573|1953,536|1946,475 307_half-05|in|readineßs|to|escort|a|waggon|up|to|Winchester|to-
487,577|471,578|271,578|251,579|211,579|201,629|190,649|371,649|391,648|487,648|487,577 307_half-06|morrow.
142,683|124,686|111,691|99,698|60,796|188,795|407,846|424,845|431,838|528,838|784,821|772,837|871,837|891,836|1151,836|1171,835|1351,835|1371,855|1391,835|1431,835|1451,834|1711,834|1731,833|1923,833|1929,806|1957,773|1944,742|1733,731|1731,731|1728,731|1695,729|1551,729|1541,728|1393,727|1331,727|1327,727|1285,726|1271,729|1251,733|1111,733|1091,731|671,731|651,729|611,729|591,727|431,727|411,729|371,729|351,727|331,727|311,725|271,725|251,721|231,721|211,719|191,715|171,687|151,683 307_half-07|11th.|To|Sergeant|Campbell,|of|the|Virginia|Regiment.
1731,833|1711,834|1451,834|1431,835|1391,835|1371,855|1351,835|1171,835|1151,836|891,836|871,837|772,837|703,930|711,945|751,945|771,925|791,905|831,905|851,904|1031,904|1051,903|1091,903|1111,923|1151,923|1171,903|1231,903|1251,902|1431,902|1451,941|1471,921|1491,921|1511,901|1611,901|1631,921|1651,900|1731,900|1751,920|1771,920|1791,900|1831,900|1851,899|1926,899|1913,877|1923,833 307_half-08|You|are|to|be|particularly|careful|of|the
1851,899|1831,900|1791,900|1771,920|1751,920|1731,900|1651,900|1631,921|1611,901|1511,901|1491,921|1471,921|1451,941|1431,902|1251,902|1231,903|1171,903|1151,923|1111,923|1091,903|1051,903|1031,904|851,904|831,905|791,905|771,925|751,945|711,945|703,930|695,941|509,926|233,931|206,976|206,994|231,994|251,993|271,1013|291,1033|311,1013|351,1013|371,993|431,993|451,992|631,992|651,991|731,991|751,1031|771,1031|791,1011|811,991|831,991|851,990|1031,990|1051,989|1071,999|1091,1003|1111,999|1131,995|1191,995|1211,989|1231,989|1251,988|1431,988|1451,987|1631,987|1651,986|1831,986|1851,985|1957,985|1958,976|1960,954|1926,899 307_half-09|waggons|etc.|under|your|charge,|and|are|to|see|that|centi-
1851,985|1831,986|1651,986|1631,987|1451,987|1431,988|1251,988|1231,989|1211,989|1191,995|1131,995|1111,999|1091,1003|1071,999|1051,989|1031,990|851,990|831,991|811,991|791,1011|771,1031|751,1031|731,991|651,991|631,992|451,992|431,993|371,993|351,1013|311,1013|291,1033|271,1013|251,993|231,994|206,994|204,1071|211,1071|331,1071|351,1070|491,1070|511,1069|531,1089|551,1089|571,1069|631,1069|651,1068|771,1068|791,1067|931,1067|951,1066|1011,1066|1031,1086|1051,1086|1071,1081|1111,1081|1131,1083|1151,1107|1171,1103|1191,1093|1211,1095|1231,1097|1251,1099|1291,1099|1311,1083|1331,1073|1351,1069|1371,1065|1411,1065|1431,1063|1471,1063|1491,1083|1511,1083|1531,1062|1651,1062|1671,1061|1811,1061|1831,1060|1951,1060|1952,1060|1957,985 307_half-10|nels|are|kept|over|them.|If|any|just|complaint|is|made
1952,1060|1951,1060|1831,1060|1811,1061|1671,1061|1651,1062|1531,1062|1511,1083|1491,1083|1471,1063|1431,1063|1411,1065|1371,1065|1351,1069|1331,1073|1311,1083|1291,1099|1251,1099|1231,1097|1211,1095|1191,1093|1171,1103|1151,1107|1131,1083|1111,1081|1071,1081|1051,1086|1031,1086|1011,1066|951,1066|931,1067|791,1067|771,1068|651,1068|631,1069|571,1069|551,1089|531,1089|511,1069|491,1070|351,1070|331,1071|211,1071|204,1071|203,1116|202,1171|211,1180|231,1180|251,1160|311,1160|331,1159|451,1159|471,1158|591,1158|611,1157|731,1157|751,1156|871,1156|891,1155|911,1175|931,1155|1011,1155|1031,1154|1051,1174|1071,1174|1091,1154|1131,1154|1151,1174|1171,1173|1191,1173|1211,1153|1291,1153|1311,1152|1391,1152|1411,1172|1431,1172|1451,1171|1471,1151|1571,1151|1591,1150|1711,1150|1731,1149|1851,1149|1871,1148|1956,1148|1950,1087|1952,1060 307_half-11|of|the|misbehaviour|of|the|party|under|your|command,
1871,1148|1851,1149|1731,1149|1711,1150|1591,1150|1571,1151|1471,1151|1451,1171|1431,1172|1411,1172|1391,1152|1311,1152|1291,1153|1211,1153|1191,1173|1171,1173|1151,1174|1131,1154|1091,1154|1071,1174|1051,1174|1031,1154|1011,1155|931,1155|911,1175|891,1155|871,1156|751,1156|731,1157|611,1157|591,1158|471,1158|451,1159|331,1159|311,1160|251,1160|231,1180|211,1180|202,1171|199,1257|211,1269|231,1269|251,1249|711,1249|731,1248|811,1248|831,1288|851,1288|871,1268|891,1248|1211,1248|1231,1268|1251,1248|1371,1248|1391,1247|1531,1247|1551,1267|1571,1267|1591,1247|1958,1247|1963,1211|1956,1148 307_half-12|upon|their|march,|you|will|be|punished|by|a|Court|Mar-