327,79|312,80|294,89|274,109|254,108|215,108|172,123|42,133|34,187|49,191|54,189|134,189|154,190|254,190|274,191|374,191|394,192|494,192|514,193|614,193|634,194|734,194|754,195|854,195|874,196|974,196|994,197|1094,197|1114,198|1214,198|1234,199|1334,199|1354,200|1454,200|1474,201|1554,201|1574,202|1634,202|1654,193|1674,189|1694,189|1714,197|1734,197|1754,199|1794,199|1814,201|1834,205|1841,206|1889,207|1894,207|1896,207|1918,208|1926,205|1920,144|1708,135|1573,144|1545,114|1323,117|1248,113|1154,113|1134,112|1074,112|1065,103|1041,102|1023,103|1014,112|934,112|914,111|778,111|661,115|387,111|383,109|374,109|354,129|336,84|327,79 308_half-01|308.|Letters|Orders|and|Instructions|December|1755.
494,287|474,291|454,299|434,303|414,315|394,315|374,313|234,313|229,346|224,370|334,370|354,371|494,371|514,372|654,372|674,373|814,373|834,374|974,374|994,375|1134,375|1154,376|1294,376|1314,377|1334,377|1354,397|1374,377|1454,377|1474,378|1614,378|1634,379|1774,379|1794,380|1889,380|1881,315|1872,305|1854,305|1834,303|1654,303|1634,301|1614,301|1594,299|1574,297|1534,297|1514,295|1474,295|1454,297|1434,297|1414,295|1394,295|1374,297|1354,299|1294,299|1274,297|1254,297|1234,295|1214,295|1194,293|1114,293|1094,291|954,291|934,289|894,289|874,293|814,293|794,297|774,301|754,309|694,309|674,307|654,305|634,299|614,293|594,287 308_half-02|remain|here|until|the|arrival|of|the|veßsel|with
224,370|213,420|214,456|294,456|314,457|414,457|434,458|554,458|574,459|694,459|714,460|814,460|834,461|934,461|954,441|974,462|1074,462|1094,463|1214,463|1234,464|1354,464|1374,465|1474,465|1494,446|1514,466|1614,466|1634,467|1754,467|1774,468|1874,468|1894,469|1897,469|1899,454|1889,380|1794,380|1774,379|1634,379|1614,378|1474,378|1454,377|1374,377|1354,397|1334,377|1314,377|1294,376|1154,376|1134,375|994,375|974,374|834,374|814,373|674,373|654,372|514,372|494,371|354,371|334,370 308_half-03|the|Stores,|etc.|and|to|be|under|the|same|directions
954,441|934,461|834,461|814,460|714,460|694,459|574,459|554,458|434,458|414,457|314,457|294,456|214,456|217,541|334,541|354,561|374,561|394,542|534,542|554,543|714,543|734,544|894,544|914,545|1054,545|1074,546|1234,546|1254,547|1394,547|1414,548|1574,548|1594,549|1734,549|1754,569|1774,550|1886,550|1897,469|1894,469|1874,468|1774,468|1754,467|1634,467|1614,466|1514,466|1494,446|1474,465|1374,465|1354,464|1234,464|1214,463|1094,463|1074,462|974,462|954,441 308_half-04|as|before|ordered.|So|soon|as|the|Stores|arrive,|you
217,541|220,610|214,634|214,634|234,615|254,635|414,635|434,636|594,636|614,637|734,637|754,657|774,637|794,637|814,638|894,638|914,618|934,638|974,638|994,639|1054,639|1074,659|1094,639|1174,639|1194,640|1354,640|1374,641|1394,641|1414,661|1434,641|1554,641|1574,642|1734,642|1754,643|1906,643|1884,564|1886,550|1774,550|1754,569|1734,549|1594,549|1574,548|1414,548|1394,547|1254,547|1234,546|1074,546|1054,545|914,545|894,544|734,544|714,543|554,543|534,542|394,542|374,561|354,561|334,541 308_half-05|are|with|all|poßsible|dispath,|to|procure|a|suf-
234,615|214,634|214,634|192,718|192,728|194,730|214,730|234,711|414,711|434,712|614,712|634,713|794,713|814,714|974,714|994,734|1014,735|1074,735|1094,715|1194,715|1214,716|1374,716|1394,717|1414,717|1434,737|1474,737|1494,717|1574,717|1594,718|1774,718|1794,719|1906,719|1918,685|1906,643|1754,643|1734,642|1574,642|1554,641|1434,641|1414,661|1394,641|1374,641|1354,640|1194,640|1174,639|1094,639|1074,659|1054,639|994,639|974,638|934,638|914,618|894,638|814,638|794,637|774,637|754,657|734,637|614,637|594,636|434,636|414,635|254,635|234,615 308_half-06|ficient|number|of|waggons|to|carry|them|to|Win-
234,711|214,730|194,730|192,728|195,796|254,796|274,797|394,797|414,817|434,797|474,797|494,798|694,798|714,799|834,799|854,819|894,819|914,799|934,800|1134,800|1154,801|1354,801|1374,802|1574,802|1594,803|1794,803|1814,804|1875,804|1906,719|1794,719|1774,718|1594,718|1574,717|1494,717|1474,737|1434,737|1414,717|1394,717|1374,716|1214,716|1194,715|1094,715|1074,735|1014,735|994,734|974,714|814,714|794,713|634,713|614,712|434,712|414,711 308_half-07|chester;|whither|they|are|to|be|sent,|under|the
195,796|198,880|294,880|314,881|434,881|454,901|474,881|574,881|594,882|854,882|874,883|1134,883|1154,884|1394,884|1414,904|1434,905|1454,885|1694,885|1714,886|1859,886|1861,843|1875,804|1814,804|1794,803|1594,803|1574,802|1374,802|1354,801|1154,801|1134,800|934,800|914,799|894,819|854,819|834,799|714,799|694,798|494,798|474,797|434,797|414,817|394,797|274,797|254,796 308_half-08|escort|of|the|Soldiers|now|here:|except|the|Suits
198,880|201,954|208,984|214,990|234,970|474,970|494,990|514,970|794,970|814,971|974,971|994,991|1034,991|1054,971|1274,971|1294,991|1314,971|1414,971|1434,991|1454,971|1494,971|1514,991|1534,991|1554,971|1574,972|1842,972|1857,948|1859,886|1714,886|1694,885|1454,885|1434,905|1414,904|1394,884|1154,884|1134,883|874,883|854,882|594,882|574,881|474,881|454,901|434,881|314,881|294,880 308_half-09|of|Clothes;|Shoes,|Stocking,|Shirts,|etc.|proportiona-
234,970|214,990|208,984|227,1064|234,1064|245,1075|262,1076|274,1064|514,1064|534,1065|661,1059|659,1065|954,1065|974,1085|994,1065|1014,1065|1034,1066|1514,1066|1534,1067|1634,1067|1654,1087|1674,1087|1694,1067|1818,1067|1825,999|1842,972|1574,972|1554,971|1534,991|1514,991|1494,971|1454,971|1434,991|1414,971|1314,971|1294,991|1274,971|1054,971|1034,991|994,991|974,971|814,971|794,970|514,970|494,990|474,970 308_half-10|bly|which|are|to|be|left|with|Colonel|Carlyle.
659,1065|634,1138|616,1138|634,1174|654,1174|674,1154|694,1134|1134,1134|1154,1154|1174,1154|1194,1135|1334,1135|1354,1155|1374,1135|1474,1135|1494,1155|1514,1135|1754,1135|1774,1136|1826,1136|1813,1116|1818,1067|1694,1067|1674,1087|1654,1087|1634,1067|1534,1067|1514,1066|1034,1066|1014,1065|994,1065|974,1085|954,1065 308_half-11|You|are|to|be|very|careful|of|all|the
694,1134|674,1154|654,1174|634,1174|616,1138|259,1143|199,1176|200,1223|314,1223|334,1243|354,1243|374,1223|414,1223|434,1224|814,1224|834,1225|1154,1225|1174,1245|1214,1245|1234,1246|1254,1246|1274,1226|1594,1226|1614,1227|1857,1227|1857,1185|1826,1136|1774,1136|1754,1135|1514,1135|1494,1155|1474,1135|1374,1135|1354,1155|1334,1135|1194,1135|1174,1154|1154,1154|1134,1134 308_half-12|Things|delivered|into|the|waggons,|and|see|that
200,1223|201,1308|294,1308|314,1309|574,1309|594,1310|834,1310|854,1311|874,1311|894,1331|914,1311|974,1311|994,1291|1014,1311|1114,1311|1134,1312|1394,1312|1414,1313|1654,1313|1674,1314|1858,1314|1857,1279|1857,1227|1614,1227|1594,1226|1274,1226|1254,1246|1234,1246|1214,1245|1174,1245|1154,1225|834,1225|814,1224|434,1224|414,1223|374,1223|354,1243|334,1243|314,1223 308_half-13|a|strict|Guard|is|kept|over|them,|that|no|embez-