1876,68|1746,70|1707,123|1707,123|1767,123|1787,119|1807,123|1827,123|1847,127|1867,127|1887,131|1938,131|1941,108|1932,73|1907,73|1887,69|1876,68 309-01|p.|309.
267,93|219,103|139,190|142,215|147,215|167,216|207,216|227,217|267,217|287,218|327,218|347,219|387,219|407,220|447,220|467,221|507,221|527,222|567,222|587,223|627,223|647,224|687,224|707,225|747,225|767,226|807,226|827,227|867,227|887,228|927,228|947,229|987,229|1007,230|1047,230|1067,231|1107,231|1127,232|1167,232|1187,233|1227,233|1247,234|1287,234|1307,235|1347,235|1367,236|1407,236|1427,237|1487,237|1507,238|1547,238|1567,239|1607,239|1627,240|1653,240|1653,237|1935,228|1933,181|1938,131|1887,131|1867,127|1847,127|1827,123|1807,123|1787,119|1767,123|1707,123|1707,123|1704,127|1697,128|1687,133|1662,133|1516,154|1285,141|994,124|595,130|307,129|279,93 309-02|Letters|Orders|and|Instructions|December|1755.
761,279|687,352|654,415|667,428|687,428|707,408|727,408|747,409|767,389|787,409|827,409|847,410|907,410|927,411|1007,411|1027,412|1087,412|1107,413|1187,413|1207,394|1227,385|1247,385|1267,374|1287,395|1307,415|1347,415|1367,416|1447,416|1467,417|1467,417|1468,415|1653,393|1647,322|1649,294|1607,294|1587,293|1527,293|1507,292|1447,292|1427,291|1367,291|1347,290|1287,290|1267,289|1207,289|1187,288|1127,288|1107,287|1047,287|1027,286|967,286|947,285|907,285|887,284|827,284|807,283|767,283|761,279 309-03|Given|at|Alexandria|etc.
1267,374|1247,385|1227,385|1207,394|1187,413|1107,413|1087,412|1027,412|1007,411|927,411|907,410|847,410|827,409|787,409|767,389|747,409|727,408|707,408|687,428|667,428|654,415|646,430|690,477|688,481|787,481|807,482|907,482|927,483|1027,483|1047,484|1167,484|1187,485|1287,485|1307,486|1407,486|1427,487|1443,487|1467,417|1467,417|1447,416|1367,416|1347,415|1307,415|1287,395|1267,374 309-04|December|16th.|1755.
127,517|109,521|49,559|45,631|209,648|387,648|407,668|427,668|447,648|547,648|567,628|587,648|1307,648|1327,668|1347,688|1367,648|1531,648|1561,645|1532,560|1527,560|1387,560|1367,559|1207,559|1187,558|1047,558|1027,557|907,557|887,543|867,543|847,539|807,539|787,536|767,556|707,556|687,555|547,555|527,554|367,554|347,553|307,553|287,547|267,547|247,545|227,541|207,541|187,537|167,535|147,517 309-05|16th.|To|Captain|John|Mercer|of|the
567,628|547,648|447,648|427,668|407,668|387,648|209,648|421,670|520,667|513,708|558,731|587,731|607,751|619,762|624,765|624,767|627,770|647,770|667,750|687,730|1007,730|1027,770|1047,753|1067,743|1087,735|1107,730|1187,730|1207,729|1433,729|1414,723|1429,658|1531,648|1367,648|1347,688|1327,668|1307,648|587,648|567,628 309-06|Virginia|Regiment.
1207,729|1187,730|1107,730|1087,735|1067,743|1047,753|1027,770|1007,730|687,730|667,750|647,770|627,770|624,767|622,811|627,811|647,851|667,851|687,843|707,831|727,825|747,821|767,812|787,812|807,813|927,813|947,814|1047,814|1067,815|1187,815|1207,816|1307,816|1327,817|1407,817|1427,837|1447,837|1467,838|1487,838|1507,818|1547,818|1567,838|1587,839|1607,819|1707,819|1727,820|1827,820|1847,841|1867,841|1887,821|1950,821|1954,787|1941,757|1504,751|1433,729 309-07|You|are|immediately,|upon|receipt
233,808|168,843|166,902|167,902|267,902|287,903|327,903|347,923|367,903|407,903|427,904|507,904|527,924|547,925|567,925|587,905|667,905|687,906|787,906|807,907|927,907|947,908|1047,908|1067,909|1167,909|1187,910|1307,910|1327,911|1427,911|1447,932|1467,932|1487,912|1567,912|1587,913|1687,913|1707,914|1827,914|1847,915|1895,915|1942,891|1950,821|1887,821|1867,841|1847,841|1827,820|1727,820|1707,819|1607,819|1587,839|1567,838|1547,818|1507,818|1487,838|1467,838|1447,837|1427,837|1407,817|1327,817|1307,816|1207,816|1187,815|1067,815|1047,814|947,814|927,813|807,813|787,812|767,812|747,821|727,825|707,831|687,843|667,851|647,851|627,811|622,811|621,826|354,809|287,809|267,808 309-08|hereof,|to|repair|to|Winchester,|where|you|will|meet
166,902|163,987|726,997|724,1002|727,1002|747,1002|767,982|807,982|827,1022|847,1002|867,1003|987,1003|1007,1004|1013,1004|1015,991|1408,979|1420,1007|1427,1007|1443,1007|1485,999|1863,994|1878,924|1895,915|1847,915|1827,914|1707,914|1687,913|1587,913|1567,912|1487,912|1467,932|1447,932|1427,911|1327,911|1307,910|1187,910|1167,909|1067,909|1047,908|947,908|927,907|807,907|787,906|687,906|667,905|587,905|567,925|547,925|527,924|507,904|427,904|407,903|367,903|347,923|327,903|287,903|267,902|167,902|166,902 309-09|with|Colonel|Washington,|and|receive|further|orders.
767,982|747,1002|727,1002|724,1002|696,1069|1228,1068|1221,1082|1227,1082|1247,1062|1287,1062|1307,1082|1367,1082|1387,1083|1507,1083|1527,1084|1537,1084|1287,1060|1219,1041|1009,1042|1013,1004|1007,1004|987,1003|867,1003|847,1002|827,1022|807,982 309-10|I|am|etc.
1247,1062|1227,1082|1221,1082|1177,1164|1187,1165|1207,1167|1287,1167|1307,1163|1327,1163|1347,1165|1367,1161|1387,1157|1407,1159|1427,1161|1487,1161|1507,1163|1587,1163|1607,1165|1627,1165|1647,1169|1667,1171|1687,1171|1707,1173|1712,1173|1857,1173|1840,1113|1537,1084|1527,1084|1507,1083|1387,1083|1367,1082|1307,1082|1287,1062 309-11|G.W.|aid|de|camp.
472,1147|346,1201|260,1242|307,1242|327,1243|407,1243|427,1244|507,1244|527,1245|607,1245|627,1246|707,1246|727,1247|807,1247|827,1248|907,1248|927,1249|1007,1249|1027,1250|1107,1250|1127,1251|1207,1251|1227,1252|1307,1252|1327,1253|1407,1253|1427,1254|1507,1254|1527,1255|1607,1255|1627,1256|1707,1256|1727,1257|1744,1257|1545,1249|1558,1174|1712,1173|1707,1173|1687,1171|1667,1171|1647,1169|1627,1165|1607,1165|1587,1163|1507,1163|1487,1161|1427,1161|1407,1159|1387,1157|1367,1161|1347,1165|1327,1163|1307,1163|1287,1167|1207,1167|1187,1165|1177,1164|1173,1171|976,1157|967,1159|947,1159|927,1157|887,1157|867,1155|667,1155|647,1153|507,1153|493,1147|472,1147 309-12|Alexandria:|December|16th.|1755.
260,1242|169,1285|183,1315|186,1333|187,1333|207,1334|267,1334|287,1335|347,1335|367,1336|447,1336|467,1337|527,1337|547,1338|567,1358|607,1358|627,1339|687,1339|707,1340|767,1340|787,1341|867,1341|887,1342|947,1342|967,1343|1027,1343|1047,1344|1107,1344|1127,1345|1187,1345|1207,1346|1220,1346|1224,1330|1407,1348|1870,1330|1875,1300|1818,1260|1744,1257|1727,1257|1707,1256|1627,1256|1607,1255|1527,1255|1507,1254|1427,1254|1407,1253|1327,1253|1307,1252|1227,1252|1207,1251|1127,1251|1107,1250|1027,1250|1007,1249|927,1249|907,1248|827,1248|807,1247|727,1247|707,1246|627,1246|607,1245|527,1245|507,1244|427,1244|407,1243|327,1243|307,1242 309-13|N:|B.|A|copy|left|at|Alexandria,|and|another
186,1333|199,1413|173,1427|227,1427|247,1428|327,1428|347,1429|447,1429|467,1430|547,1430|567,1431|647,1431|667,1432|767,1432|787,1433|867,1433|887,1434|967,1434|987,1435|1087,1435|1107,1436|1187,1436|1197,1436|1220,1346|1207,1346|1187,1345|1127,1345|1107,1344|1047,1344|1027,1343|967,1343|947,1342|887,1342|867,1341|787,1341|767,1340|707,1340|687,1339|627,1339|607,1358|567,1358|547,1338|527,1337|467,1337|447,1336|367,1336|347,1335|287,1335|267,1334|207,1334|187,1333 309-14|sent|to|Stafford,|to|him|there.
115,1459|114,1459|34,1498|27,1572|763,1582|752,1590|827,1590|847,1591|927,1591|947,1592|1027,1592|1047,1593|1087,1593|1107,1573|1127,1593|1147,1593|1167,1594|1247,1594|1267,1595|1347,1595|1367,1596|1447,1596|1467,1597|1547,1597|1567,1598|1647,1598|1667,1599|1747,1599|1767,1600|1847,1600|1867,1601|1947,1601|1949,1601|1947,1542|1845,1511|1827,1511|1807,1509|1767,1509|1747,1507|1707,1507|1687,1505|1627,1505|1607,1503|1487,1503|1467,1501|1367,1501|1347,1499|1327,1499|1307,1497|1227,1497|1207,1495|1167,1495|1147,1493|1107,1493|1087,1491|947,1491|927,1489|367,1489|347,1487|227,1487|207,1485|187,1485|167,1483|147,1479|127,1461|115,1459 309-15|20th.|Parole|Abbemarle.|OWinchester:|December|20th.|1755.
1107,1573|1087,1593|1047,1593|1027,1592|947,1592|927,1591|847,1591|827,1590|752,1590|676,1647|583,1669|667,1669|687,1670|767,1670|787,1671|867,1671|887,1672|987,1672|1007,1673|1087,1673|1107,1674|1187,1674|1207,1675|1247,1675|1267,1699|1287,1701|1307,1697|1327,1691|1347,1691|1367,1676|1407,1676|1427,1677|1507,1677|1527,1678|1627,1678|1647,1679|1727,1679|1747,1680|1827,1680|1847,1681|1945,1681|1950,1657|1949,1601|1947,1601|1867,1601|1847,1600|1767,1600|1747,1599|1667,1599|1647,1598|1567,1598|1547,1597|1467,1597|1447,1596|1367,1596|1347,1595|1267,1595|1247,1594|1167,1594|1147,1593|1127,1593|1107,1573 309-16|A|Return|to|be|given|in|immedi-
339,1668|192,1713|192,1755|207,1756|287,1756|307,1777|327,1757|367,1757|387,1758|407,1778|427,1758|467,1758|487,1759|547,1759|567,1760|647,1760|667,1761|727,1761|747,1762|827,1762|847,1763|907,1763|927,1764|987,1764|1007,1765|1087,1765|1107,1766|1167,1766|1187,1767|1267,1767|1287,1768|1347,1768|1367,1769|1447,1769|1467,1770|1487,1790|1507,1790|1527,1770|1547,1771|1627,1771|1647,1772|1707,1772|1727,1773|1787,1773|1807,1774|1887,1774|1907,1775|1933,1775|1938,1713|1945,1681|1847,1681|1827,1680|1747,1680|1727,1679|1647,1679|1627,1678|1527,1678|1507,1677|1427,1677|1407,1676|1367,1676|1347,1691|1327,1691|1307,1697|1287,1701|1267,1699|1247,1675|1207,1675|1187,1674|1107,1674|1087,1673|1007,1673|987,1672|887,1672|867,1671|787,1671|767,1670|687,1670|667,1669|583,1669|574,1671|339,1668 309-17|ately|of|the|Recruits|now|in|this|town,|by|the|several
192,1755|193,1842|207,1843|267,1843|287,1844|347,1844|367,1845|447,1845|467,1846|527,1846|547,1847|607,1847|627,1848|687,1848|707,1849|767,1849|787,1850|867,1850|887,1851|947,1851|967,1852|1027,1852|1047,1853|1107,1853|1127,1854|1187,1854|1207,1855|1287,1855|1307,1856|1367,1856|1387,1857|1447,1857|1467,1878|1487,1878|1507,1858|1527,1858|1547,1859|1627,1859|1647,1860|1707,1860|1727,1861|1787,1861|1807,1862|1867,1862|1887,1863|1926,1863|1933,1775|1907,1775|1887,1774|1807,1774|1787,1773|1727,1773|1707,1772|1647,1772|1627,1771|1547,1771|1527,1770|1507,1790|1487,1790|1467,1770|1447,1769|1367,1769|1347,1768|1287,1768|1267,1767|1187,1767|1167,1766|1107,1766|1087,1765|1007,1765|987,1764|927,1764|907,1763|847,1763|827,1762|747,1762|727,1761|667,1761|647,1760|567,1760|547,1759|487,1759|467,1758|427,1758|407,1778|387,1758|367,1757|327,1757|307,1777|287,1756|207,1756|192,1755 309-18|Officers|who|enlisted|them;|mentioning|their|height,
193,1842|195,1942|207,1955|227,1955|247,1935|267,1935|287,1936|347,1936|367,1937|447,1937|467,1938|527,1938|547,1939|607,1939|627,1940|687,1940|707,1941|767,1941|787,1942|867,1942|887,1943|947,1943|967,1944|1027,1944|1047,1945|1107,1945|1127,1926|1147,1926|1167,1946|1187,1946|1207,1947|1287,1947|1307,1948|1367,1948|1387,1949|1447,1949|1467,1950|1527,1950|1547,1951|1627,1951|1647,1952|1707,1952|1727,1953|1787,1953|1807,1954|1867,1954|1887,1955|1928,1955|1923,1902|1926,1863|1887,1863|1867,1862|1807,1862|1787,1861|1727,1861|1707,1860|1647,1860|1627,1859|1547,1859|1527,1858|1507,1858|1487,1878|1467,1878|1447,1857|1387,1857|1367,1856|1307,1856|1287,1855|1207,1855|1187,1854|1127,1854|1107,1853|1047,1853|1027,1852|967,1852|947,1851|887,1851|867,1850|787,1850|767,1849|707,1849|687,1848|627,1848|607,1847|547,1847|527,1846|467,1846|447,1845|367,1845|347,1844|287,1844|267,1843|207,1843|193,1842 309-19|age,|trade,|etc.|The|officers|to|see|that|the|Serge-
1127,1926|1107,1945|1047,1945|1027,1944|967,1944|947,1943|887,1943|867,1942|787,1942|767,1941|707,1941|687,1940|627,1940|607,1939|547,1939|527,1938|467,1938|447,1937|367,1937|347,1936|287,1936|267,1935|247,1935|227,1955|207,1955|195,1942|195,2006|247,2006|267,2007|347,2007|367,2008|467,2008|487,2009|567,2009|587,2010|687,2010|707,2011|787,2011|807,2012|907,2012|927,2013|1007,2013|1027,2014|1127,2014|1147,2015|1227,2015|1247,2016|1347,2016|1367,2017|1447,2017|1467,2018|1567,2018|1587,2019|1667,2019|1687,2020|1787,2020|1804,2021|1933,2017|1928,1955|1887,1955|1867,1954|1807,1954|1787,1953|1727,1953|1707,1952|1647,1952|1627,1951|1547,1951|1527,1950|1467,1950|1447,1949|1387,1949|1367,1948|1307,1948|1287,1947|1207,1947|1187,1946|1167,1946|1147,1926 309-20|ants|who|understand|the|manual|Exercise,|do
195,2006|196,2076|190,2107|207,2108|347,2108|367,2109|507,2109|527,2110|667,2110|687,2111|827,2111|847,2112|987,2112|1007,2113|1147,2113|1167,2114|1307,2114|1327,2115|1467,2115|1487,2116|1627,2116|1634,2116|1633,2026|1804,2021|1787,2020|1687,2020|1667,2019|1587,2019|1567,2018|1467,2018|1447,2017|1367,2017|1347,2016|1247,2016|1227,2015|1147,2015|1127,2014|1027,2014|1007,2013|927,2013|907,2012|807,2012|787,2011|707,2011|687,2010|587,2010|567,2009|487,2009|467,2008|367,2008|347,2007|267,2007|247,2006 309-21|drill|the|Recruits,|at|least|twice|a-|day.
106,2134|62,2149|51,2166|33,2248|729,2272|787,2272|807,2273|927,2273|947,2274|1047,2274|1067,2275|1187,2275|1207,2276|1307,2276|1327,2277|1447,2277|1467,2278|1567,2278|1587,2279|1707,2279|1727,2280|1827,2280|1847,2281|1947,2281|1945,2254|1951,2226|1831,2186|1827,2186|1727,2186|1707,2185|1607,2185|1587,2184|1487,2184|1467,2183|1367,2183|1347,2182|1247,2182|1227,2181|1127,2181|1107,2180|1027,2180|1007,2160|987,2179|967,2159|947,2159|927,2179|887,2179|867,2178|767,2178|747,2177|647,2177|627,2176|527,2176|507,2175|407,2175|387,2174|367,2165|327,2165|307,2163|287,2163|267,2167|207,2167|187,2165|167,2165|147,2137|145,2137|106,2134 309-22|22nd.|Parole|Boston-|Winchester:|December|22nd.|1755.
729,2272|787,2274|663,2328|579,2348|647,2348|667,2349|767,2349|787,2350|887,2350|907,2351|1027,2351|1047,2352|1147,2352|1167,2353|1267,2353|1287,2354|1387,2354|1407,2355|1527,2355|1547,2356|1647,2356|1667,2357|1707,2357|1727,2377|1747,2397|1767,2397|1787,2378|1807,2358|1887,2358|1907,2359|1950,2359|1950,2341|1947,2281|1847,2281|1827,2280|1727,2280|1707,2279|1587,2279|1567,2278|1467,2278|1447,2277|1327,2277|1307,2276|1207,2276|1187,2275|1067,2275|1047,2274|947,2274|927,2273|807,2273|787,2272 309-23|A|Return|is|to|be|made|every|mor-
579,2348|558,2353|274,2355|177,2406|180,2431|187,2424|207,2444|247,2444|267,2445|287,2465|307,2465|327,2445|347,2445|367,2446|467,2446|487,2447|587,2447|607,2428|627,2448|687,2448|707,2449|807,2449|827,2450|907,2450|927,2451|1027,2451|1047,2452|1067,2452|1087,2472|1127,2472|1147,2452|1167,2453|1247,2453|1267,2454|1367,2454|1387,2455|1487,2455|1507,2456|1587,2456|1607,2457|1707,2457|1727,2458|1807,2458|1827,2459|1834,2459|1926,2454|1950,2394|1950,2359|1907,2359|1887,2358|1807,2358|1787,2378|1767,2397|1747,2397|1727,2377|1707,2357|1667,2357|1647,2356|1547,2356|1527,2355|1407,2355|1387,2354|1287,2354|1267,2353|1167,2353|1147,2352|1047,2352|1027,2351|907,2351|887,2350|787,2350|767,2349|667,2349|647,2348 309-24|ning|to|Colonel|Washington|of|the|number|of
187,2424|180,2431|190,2514|322,2524|367,2524|387,2525|407,2505|427,2505|447,2525|467,2526|547,2526|567,2527|627,2527|647,2528|707,2528|727,2509|747,2529|807,2529|827,2530|887,2530|907,2531|967,2531|987,2532|1067,2532|1087,2533|1147,2533|1167,2534|1227,2534|1247,2535|1327,2535|1347,2536|1407,2536|1427,2537|1487,2537|1507,2538|1527,2547|1547,2549|1567,2538|1587,2538|1607,2539|1667,2539|1687,2540|1747,2540|1767,2541|1847,2541|1859,2542|1834,2527|1815,2460|1834,2459|1827,2459|1807,2458|1727,2458|1707,2457|1607,2457|1587,2456|1507,2456|1487,2455|1387,2455|1367,2454|1267,2454|1247,2453|1167,2453|1147,2452|1127,2472|1087,2472|1067,2452|1047,2452|1027,2451|927,2451|907,2450|827,2450|807,2449|707,2449|687,2448|627,2448|607,2428|587,2447|487,2447|467,2446|367,2446|347,2445|327,2445|307,2465|287,2465|267,2445|247,2444|207,2444|187,2424 309-25|men|in|this|town-|and|all|contingences.
407,2505|387,2525|367,2524|322,2524|361,2527|330,2599|263,2607|267,2607|287,2608|367,2608|387,2609|447,2609|467,2610|487,2610|507,2590|527,2630|547,2651|567,2631|587,2611|627,2611|647,2612|707,2612|727,2613|787,2613|807,2614|847,2614|867,2654|887,2634|907,2615|967,2615|987,2616|1047,2616|1067,2617|1087,2637|1107,2617|1127,2617|1147,2618|1227,2618|1247,2639|1267,2619|1307,2619|1327,2620|1387,2620|1407,2621|1487,2621|1507,2622|1567,2622|1587,2623|1647,2623|1667,2604|1687,2624|1747,2624|1767,2625|1827,2625|1847,2626|1907,2626|1927,2627|1940,2627|1950,2596|1859,2542|1847,2541|1767,2541|1747,2540|1687,2540|1667,2539|1607,2539|1587,2538|1567,2538|1547,2549|1527,2547|1507,2538|1487,2537|1427,2537|1407,2536|1347,2536|1327,2535|1247,2535|1227,2534|1167,2534|1147,2533|1087,2533|1067,2532|987,2532|967,2531|907,2531|887,2530|827,2530|807,2529|747,2529|727,2509|707,2528|647,2528|627,2527|567,2527|547,2526|467,2526|447,2525|427,2505 309-26|During|his|stay|here,|no|provision|is|to|be|de-
507,2590|487,2610|467,2610|447,2609|387,2609|367,2608|287,2608|267,2607|263,2607|213,2613|188,2694|207,2695|267,2695|287,2675|307,2696|367,2696|387,2697|467,2697|487,2698|547,2698|567,2699|647,2699|667,2700|727,2700|747,2701|767,2701|787,2721|827,2721|847,2702|907,2702|927,2703|1007,2703|1027,2704|1087,2704|1107,2705|1187,2705|1207,2706|1267,2706|1287,2707|1347,2707|1367,2708|1447,2708|1467,2709|1527,2709|1547,2710|1627,2710|1647,2711|1707,2711|1727,2712|1807,2712|1827,2713|1887,2713|1907,2714|1930,2714|1927,2665|1940,2627|1927,2627|1907,2626|1847,2626|1827,2625|1767,2625|1747,2624|1687,2624|1667,2604|1647,2623|1587,2623|1567,2622|1507,2622|1487,2621|1407,2621|1387,2620|1327,2620|1307,2619|1267,2619|1247,2639|1227,2618|1147,2618|1127,2617|1107,2617|1087,2637|1067,2617|1047,2616|987,2616|967,2615|907,2615|887,2634|867,2654|847,2614|807,2614|787,2613|727,2613|707,2612|647,2612|627,2611|587,2611|567,2631|547,2651|527,2630|507,2590 309-27|livered|out,|but|by|a|written|order|from|him|or
287,2675|267,2695|207,2695|188,2694|172,2746|172,2775|207,2775|227,2776|287,2776|307,2777|387,2777|407,2778|467,2778|487,2779|567,2779|587,2780|647,2780|667,2781|747,2781|767,2782|787,2782|807,2802|827,2802|847,2782|867,2783|927,2783|947,2784|1027,2784|1047,2785|1107,2785|1127,2786|1207,2786|1227,2787|1287,2787|1307,2788|1367,2788|1387,2808|1407,2809|1427,2809|1447,2789|1467,2789|1487,2790|1507,2790|1527,2810|1547,2810|1567,2790|1587,2791|1667,2791|1687,2792|1747,2792|1767,2793|1847,2793|1867,2794|1916,2794|1932,2758|1930,2714|1907,2714|1887,2713|1827,2713|1807,2712|1727,2712|1707,2711|1647,2711|1627,2710|1547,2710|1527,2709|1467,2709|1447,2708|1367,2708|1347,2707|1287,2707|1267,2706|1207,2706|1187,2705|1107,2705|1087,2704|1027,2704|1007,2703|927,2703|907,2702|847,2702|827,2721|787,2721|767,2701|747,2701|727,2700|667,2700|647,2699|567,2699|547,2698|487,2698|467,2697|387,2697|367,2696|307,2696|287,2675 309-28|the|aid|de|camp.|The|Commißsary|is|to|send
172,2775|174,2862|187,2862|207,2883|227,2883|247,2863|267,2864|287,2864|307,2865|327,2865|347,2866|367,2866|387,2867|427,2867|447,2868|467,2868|487,2869|507,2869|527,2870|547,2870|567,2871|587,2871|607,2852|627,2872|647,2852|667,2873|687,2873|707,2874|727,2874|747,2875|767,2875|787,2876|827,2876|847,2877|867,2877|887,2878|907,2858|927,2859|947,2859|967,2880|987,2860|1007,2900|1027,2901|1047,2881|1067,2882|1087,2882|1107,2863|1127,2883|1147,2884|1167,2884|1187,2885|1227,2885|1247,2886|1267,2886|1287,2887|1307,2887|1327,2888|1347,2888|1367,2889|1407,2889|1427,2890|1447,2890|1467,2891|1487,2891|1507,2892|1527,2892|1547,2893|1587,2893|1607,2894|1627,2894|1647,2875|1667,2875|1687,2896|1707,2896|1727,2897|1747,2897|1767,2898|1807,2898|1827,2899|1847,2899|1867,2900|1887,2900|1907,2901|1927,2901|1928,2901|1905,2817|1916,2794|1867,2794|1847,2793|1767,2793|1747,2792|1687,2792|1667,2791|1587,2791|1567,2790|1547,2810|1527,2810|1507,2790|1487,2790|1467,2789|1447,2789|1427,2809|1407,2809|1387,2808|1367,2788|1307,2788|1287,2787|1227,2787|1207,2786|1127,2786|1107,2785|1047,2785|1027,2784|947,2784|927,2783|867,2783|847,2782|827,2802|807,2802|787,2782|767,2782|747,2781|667,2781|647,2780|587,2780|567,2779|487,2779|467,2778|407,2778|387,2777|307,2777|287,2776|227,2776|207,2775 309-29|up|the|Cask|of|Tools|by|the|first|waggon|that
607,2852|587,2871|567,2871|547,2870|527,2870|507,2869|487,2869|467,2868|447,2868|427,2867|387,2867|367,2866|347,2866|327,2865|307,2865|287,2864|267,2864|247,2863|227,2883|207,2883|187,2862|174,2862|174,2884|142,2958|147,2963|167,2963|187,2964|207,2944|227,2945|247,2945|267,2946|307,2946|327,2947|347,2947|367,2948|387,2948|407,2949|447,2949|467,2950|487,2950|507,2951|527,2951|547,2952|587,2952|607,2953|627,2953|647,2954|667,2934|687,2935|707,2955|727,2955|747,2956|767,2956|787,2957|807,2957|827,2958|867,2958|887,2959|907,2959|927,2960|947,2960|967,2961|1007,2961|1027,2962|1047,2962|1067,2963|1087,2963|1107,2964|1147,2964|1167,2965|1187,2965|1207,2966|1227,2966|1247,2967|1287,2967|1307,2968|1327,2968|1347,2969|1367,2969|1387,2970|1427,2970|1447,2971|1467,2971|1487,2972|1527,2972|1547,2973|1567,2973|1587,2974|1607,2974|1627,2975|1667,2975|1687,2976|1707,2976|1727,2977|1747,2977|1767,2978|1807,2978|1827,2979|1847,2979|1867,2980|1887,2980|1907,2981|1924,2981|1936,2929|1928,2901|1927,2901|1907,2901|1887,2900|1867,2900|1847,2899|1827,2899|1807,2898|1767,2898|1747,2897|1727,2897|1707,2896|1687,2896|1667,2875|1647,2875|1627,2894|1607,2894|1587,2893|1547,2893|1527,2892|1507,2892|1487,2891|1467,2891|1447,2890|1427,2890|1407,2889|1367,2889|1347,2888|1327,2888|1307,2887|1287,2887|1267,2886|1247,2886|1227,2885|1187,2885|1167,2884|1147,2884|1127,2883|1107,2863|1087,2882|1067,2882|1047,2881|1027,2901|1007,2900|987,2860|967,2880|947,2859|927,2859|907,2858|887,2878|867,2877|847,2877|827,2876|787,2876|767,2875|747,2875|727,2874|707,2874|687,2873|667,2873|647,2852|627,2872|607,2852 309-30|goes|to|the|Fort.|The|following|men|being|judg-
667,2934|647,2954|627,2953|607,2953|587,2952|547,2952|527,2951|507,2951|487,2950|467,2950|447,2949|407,2949|387,2948|367,2948|347,2947|327,2947|307,2946|267,2946|247,2945|227,2945|207,2944|187,2964|167,2963|147,2963|142,2958|141,2961|177,3030|176,3035|207,3035|227,3036|307,3036|327,3037|407,3037|427,3038|507,3038|527,3039|587,3039|607,3040|687,3040|707,3041|727,3041|747,3049|767,3049|787,3041|807,3035|827,3027|887,3027|907,3029|927,3029|946,3042|1909,3043|1924,2981|1907,2981|1887,2980|1867,2980|1847,2979|1827,2979|1807,2978|1767,2978|1747,2977|1727,2977|1707,2976|1687,2976|1667,2975|1627,2975|1607,2974|1587,2974|1567,2973|1547,2973|1527,2972|1487,2972|1467,2971|1447,2971|1427,2970|1387,2970|1367,2969|1347,2969|1327,2968|1307,2968|1287,2967|1247,2967|1227,2966|1207,2966|1187,2965|1167,2965|1147,2964|1107,2964|1087,2963|1067,2963|1047,2962|1027,2962|1007,2961|967,2961|947,2960|927,2960|907,2959|887,2959|867,2958|827,2958|807,2957|787,2957|767,2956|747,2956|727,2955|707,2955|687,2935|667,2934 309-31|ed|unfit|for|Duty|on|Review|are|ordered|to|be
827,3027|807,3035|787,3041|767,3049|747,3049|727,3041|707,3041|687,3040|607,3040|587,3039|527,3039|507,3038|427,3038|407,3037|327,3037|307,3036|227,3036|207,3035|176,3035|163,3105|331,3122|407,3122|426,3132|429,3132|467,3132|487,3123|507,3123|527,3124|587,3124|607,3125|687,3125|698,3126|858,3121|870,3042|946,3042|927,3029|907,3029|887,3027 309-32|discharged:|vis.
