1876,68|1746,70|1707,123|1707,123|1767,123|1787,119|1807,123|1827,123|1847,127|1867,127|1887,131|1938,131|1941,108|1932,73|1907,73|1887,69|1876,68 309_half-01|p.|309.
267,93|219,103|139,190|142,215|147,215|167,216|207,216|227,217|267,217|287,218|327,218|347,219|387,219|407,220|447,220|467,221|507,221|527,222|567,222|587,223|627,223|647,224|687,224|707,225|747,225|767,226|807,226|827,227|867,227|887,228|927,228|947,229|987,229|1007,230|1047,230|1067,231|1107,231|1127,232|1167,232|1187,233|1227,233|1247,234|1287,234|1307,235|1347,235|1367,236|1407,236|1427,237|1487,237|1507,238|1547,238|1567,239|1607,239|1627,240|1653,240|1653,237|1935,228|1933,181|1938,131|1887,131|1867,127|1847,127|1827,123|1807,123|1787,119|1767,123|1707,123|1707,123|1704,127|1697,128|1687,133|1662,133|1516,154|1285,141|994,124|595,130|307,129|279,93 309_half-02|Letters|Orders|and|Instructions|December|1755.
761,279|687,352|654,415|667,428|687,428|707,408|727,408|747,409|767,389|787,409|827,409|847,410|907,410|927,411|1007,411|1027,412|1087,412|1107,413|1187,413|1207,394|1227,385|1247,385|1267,374|1287,395|1307,415|1347,415|1367,416|1447,416|1467,417|1467,417|1468,415|1653,393|1647,322|1649,294|1607,294|1587,293|1527,293|1507,292|1447,292|1427,291|1367,291|1347,290|1287,290|1267,289|1207,289|1187,288|1127,288|1107,287|1047,287|1027,286|967,286|947,285|907,285|887,284|827,284|807,283|767,283|761,279 309_half-03|Given|at|Alexandria|etc.
1267,374|1247,385|1227,385|1207,394|1187,413|1107,413|1087,412|1027,412|1007,411|927,411|907,410|847,410|827,409|787,409|767,389|747,409|727,408|707,408|687,428|667,428|654,415|646,430|690,477|688,481|787,481|807,482|907,482|927,483|1027,483|1047,484|1167,484|1187,485|1287,485|1307,486|1407,486|1427,487|1443,487|1467,417|1467,417|1447,416|1367,416|1347,415|1307,415|1287,395|1267,374 309_half-04|December|16th.|1755.
127,517|109,521|49,559|45,631|209,648|387,648|407,668|427,668|447,648|547,648|567,628|587,648|1307,648|1327,668|1347,688|1367,648|1531,648|1561,645|1532,560|1527,560|1387,560|1367,559|1207,559|1187,558|1047,558|1027,557|907,557|887,543|867,543|847,539|807,539|787,536|767,556|707,556|687,555|547,555|527,554|367,554|347,553|307,553|287,547|267,547|247,545|227,541|207,541|187,537|167,535|147,517 309_half-05|16th.|To|Captain|John|Mercer|of|the
567,628|547,648|447,648|427,668|407,668|387,648|209,648|421,670|520,667|513,708|558,731|587,731|607,751|619,762|624,765|624,767|627,770|647,770|667,750|687,730|1007,730|1027,770|1047,753|1067,743|1087,735|1107,730|1187,730|1207,729|1433,729|1414,723|1429,658|1531,648|1367,648|1347,688|1327,668|1307,648|587,648|567,628 309_half-06|Virginia|Regiment.
1207,729|1187,730|1107,730|1087,735|1067,743|1047,753|1027,770|1007,730|687,730|667,750|647,770|627,770|624,767|622,811|627,811|647,851|667,851|687,843|707,831|727,825|747,821|767,812|787,812|807,813|927,813|947,814|1047,814|1067,815|1187,815|1207,816|1307,816|1327,817|1407,817|1427,837|1447,837|1467,838|1487,838|1507,818|1547,818|1567,838|1587,839|1607,819|1707,819|1727,820|1827,820|1847,841|1867,841|1887,821|1950,821|1954,787|1941,757|1504,751|1433,729 309_half-07|You|are|immediately,|upon|receipt
233,808|168,843|166,902|167,902|267,902|287,903|327,903|347,923|367,903|407,903|427,904|507,904|527,924|547,925|567,925|587,905|667,905|687,906|787,906|807,907|927,907|947,908|1047,908|1067,909|1167,909|1187,910|1307,910|1327,911|1427,911|1447,932|1467,932|1487,912|1567,912|1587,913|1687,913|1707,914|1827,914|1847,915|1895,915|1942,891|1950,821|1887,821|1867,841|1847,841|1827,820|1727,820|1707,819|1607,819|1587,839|1567,838|1547,818|1507,818|1487,838|1467,838|1447,837|1427,837|1407,817|1327,817|1307,816|1207,816|1187,815|1067,815|1047,814|947,814|927,813|807,813|787,812|767,812|747,821|727,825|707,831|687,843|667,851|647,851|627,811|622,811|621,826|354,809|287,809|267,808 309_half-08|hereof,|to|repair|to|Winchester,|where|you|will|meet
166,902|163,987|726,997|724,1002|727,1002|747,1002|767,982|807,982|827,1022|847,1002|867,1003|987,1003|1007,1004|1013,1004|1015,991|1408,979|1420,1007|1427,1007|1443,1007|1485,999|1863,994|1878,924|1895,915|1847,915|1827,914|1707,914|1687,913|1587,913|1567,912|1487,912|1467,932|1447,932|1427,911|1327,911|1307,910|1187,910|1167,909|1067,909|1047,908|947,908|927,907|807,907|787,906|687,906|667,905|587,905|567,925|547,925|527,924|507,904|427,904|407,903|367,903|347,923|327,903|287,903|267,902|167,902|166,902 309_half-09|with|Colonel|Washington,|and|receive|further|orders.
767,982|747,1002|727,1002|724,1002|696,1069|1228,1068|1221,1082|1227,1082|1247,1062|1287,1062|1307,1082|1367,1082|1387,1083|1507,1083|1527,1084|1537,1084|1287,1060|1219,1041|1009,1042|1013,1004|1007,1004|987,1003|867,1003|847,1002|827,1022|807,982 309_half-10|I|am|etc.
1247,1062|1227,1082|1221,1082|1177,1164|1187,1165|1207,1167|1287,1167|1307,1163|1327,1163|1347,1165|1367,1161|1387,1157|1407,1159|1427,1161|1487,1161|1507,1163|1587,1163|1607,1165|1627,1165|1647,1169|1667,1171|1687,1171|1707,1173|1712,1173|1857,1173|1840,1113|1537,1084|1527,1084|1507,1083|1387,1083|1367,1082|1307,1082|1287,1062 309_half-11|G.W.|aid|de|camp.